----------------
0
1
0.0396673
0.00212419
0.00132224
0.00114698
----------------
1
1
0.0377231
0.00152267
0.00125744
0.00114698
----------------
0
2
0.0395479
0.00167922
0.00131826
0.00115267
----------------
1
2
0.0409421
0.00237831
0.00136474
0.00114715
----------------
0
3
0.0378921
0.00174313
0.00126307
0.0011469
----------------
1
3
0.0401825
0.00204073
0.00133942
0.00115129
----------------
0
4
0.0377478
0.00145374
0.00125826
0.00114936
----------------
1
4
0.0375795
0.00180737
0.00125265
0.001147
----------------
0
5
0.0373683
0.001563
0.00124561
0.00114678
----------------
1
5
0.0360273
0.00144814
0.00120091
0.00114697
----------------
0
6
0.0379613
0.0015225
0.00126538
0.00114605
----------------
1
6
0.0410987
0.00225268
0.00136996
0.00114923
----------------
0
7
0.0400048
0.0017664
0.00133349
0.00115184
----------------
1
7
0.0378982
0.00177234
0.00126327
0.00114668
----------------
0
8
0.0397265
0.00164863
0.00132422
0.00114931
----------------
1
8
0.0385037
0.001753
0.00128346
0.00114772
----------------
0
9
0.0386675
0.00190149
0.00128892
0.00114911
----------------
1
9
0.0417116
0.00303702
0.00139039
0.00114638
----------------
0
10
0.0365292
0.00150512
0.00121764
0.00114613
----------------
1
10
0.037513
0.00191264
0.00125043
0.00114695
----------------
0
11
0.0367077
0.00157956
0.00122359
0.00114697
----------------
1
11
0.0382038
0.0017583
0.00127346
0.001147
----------------
0
12
0.0393123
0.0029889
0.00131041
0.00114628
----------------
1
12
0.0400219
0.00299835
0.00133406
0.00114705
----------------
0
13
0.0423632
0.00260633
0.00141211
0.00114697
----------------
1
13
0.0387028
0.00193971
0.00129009
0.00114903
----------------
0
14
0.0398545
0.00217558
0.00132848
0.00114685
----------------
1
14
0.0370123
0.001732
0.00123374
0.00114701
----------------
0
15
0.0381425
0.00189893
0.00127142
0.00114715
----------------
1
15
0.0376364
0.00231384
0.00125455
0.00114927
----------------
0
16
0.0386955
0.00229088
0.00128985
0.00114738
----------------
1
16
0.0417702
0.00280534
0.00139234
0.00115066
----------------
0
17
0.0389275
0.00229002
0.00129758
0.00114933
----------------
1
17
0.0397574
0.00260662
0.00132525
0.00115056
----------------
0
18
0.0375454
0.00174412
0.00125151
0.00114738
----------------
1
18
0.0370689
0.00160825
0.00123563
0.00114692
----------------
0
19
0.0384993
0.00300835
0.00128331
0.0011469
----------------
1
19
0.0359357
0.00141264
0.00119786
0.00114643
----------------
0
20
0.0372864
0.00160725
0.00124288
0.00114814
----------------
1
20
0.0411237
0.00257511
0.00137079
0.00115031
----------------
0
21
0.0391026
0.00198417
0.00130342
0.00114697
----------------
1
21
0.0371725
0.00178363
0.00123908
0.00114735
----------------
0
22
0.0392486
0.00186414
0.00130829
0.00114943
----------------
1
22
0.0403942
0.0021221
0.00134647
0.00114734
----------------
0
23
0.0397195
0.00241299
0.00132398
0.0011469
----------------
1
23
0.0394622
0.00225991
0.00131541
0.00114698
----------------
0
24
0.0389397
0.00226716
0.00129799
0.00114907
----------------
1
24
0.0393515
0.00300601
0.00131172
0.00114702
----------------
0
25
0.0400192
0.00298891
0.00133397
0.00114704
----------------
1
25
0.0371002
0.00204521
0.00123667
0.00114675
----------------
0
26
0.0400969
0.00240239
0.00133656
0.00114994
----------------
1
26
0.0413509
0.00291532
0.00137836
0.00114591
----------------
0
27
0.0388229
0.00243108
0.0012941
0.00114699
----------------
1
27
0.039567
0.00242435
0.0013189
0.00114922
----------------
0
28
0.0397197
0.00236492
0.00132399
0.00114953
----------------
1
28
0.038324
0.0028003
0.00127747
0.00114641
----------------
0
29
0.0397117
0.00206988
0.00132372
0.00115051
----------------
1
29
0.0364442
0.00144451
0.00121481
0.0011492
----------------
0
30
0.0379612
0.0021292
0.00126537
0.00114773
----------------
1
30
0.0397509
0.00197952
0.00132503
0.00114696
----------------
0
31
0.0386629
0.00200104
0.00128876
0.00114688
----------------
1
31
0.0392557
0.00269891
0.00130852
0.0011469
----------------
0
32
0.0383445
0.00198309
0.00127815
0.00114706
----------------
1
32
0.0389113
0.00161158
0.00129704
0.00114695
----------------
0
33
0.0402782
0.00247499
0.00134261
0.00114705
----------------
1
33
0.0394564
0.00222911
0.00131521
0.00114713
----------------
0
34
0.0393823
0.00258569
0.00131274
0.0011464
----------------
1
34
0.0370717
0.00157947
0.00123572
0.0011473
----------------
0
35
0.0383558
0.00181558
0.00127853
0.00114688
----------------
1
35
0.037524
0.00244623
0.0012508
0.00114686
----------------
0
36
0.0394649
0.0015903
0.0013155
0.00114691
----------------
1
36
0.0403991
0.00218338
0.00134664
0.00114782
----------------
0
37
0.0388014
0.00190962
0.00129338
0.00114828
----------------
1
37
0.0395914
0.00228302
0.00131971
0.00114698
----------------
0
38
0.0418152
0.0030012
0.00139384
0.00114911
----------------
1
38
0.0380974
0.00229077
0.00126991
0.00114558
----------------
0
39
0.0386211
0.0018863
0.00128737
0.00114691
----------------
1
39
0.0358792
0.00128889
0.00119597
0.00114664
----------------
0
40
0.0401736
0.0018869
0.00133912
0.00114714
----------------
1
40
0.0408548
0.00291034
0.00136183
0.00114735
----------------
0
41
0.0420802
0.0031944
0.00140267
0.00114691
----------------
1
41
0.0375755
0.00183067
0.00125252
0.00114719
----------------
0
42
0.0388663
0.00172469
0.00129554
0.00114919
----------------
1
42
0.0408369
0.00260724
0.00136123
0.00114914
----------------
0
43
0.0414009
0.00208937
0.00138003
0.00114708
----------------
1
43
0.0392013
0.00196864
0.00130671
0.00114966
----------------
0
44
0.0415611
0.00227655
0.00138537
0.00114713
----------------
1
44
0.03741
0.0016894
0.001247
0.00114691
----------------
0
45
0.0403586
0.00230722
0.00134529
0.00114715
----------------
1
45
0.0362221
0.00155681
0.0012074
0.00114756
----------------
0
46
0.042249
0.00264294
0.0014083
0.00114766
----------------
1
46
0.0412674
0.00288936
0.00137558
0.00115099
----------------
0
47
0.0416452
0.00304006
0.00138817
0.00114903
----------------
1
47
0.039472
0.00187652
0.00131573
0.00114658
----------------
0
48
0.0432916
0.00304038
0.00144305
0.00114864
----------------
1
48
0.038739
0.00207098
0.0012913
0.0011467
----------------
0
49
0.0380374
0.00174265
0.00126791
0.00114693
----------------
1
49
0.0390374
0.00187939
0.00130125
0.00114675
----------------
0
50
0.0401462
0.00255349
0.00133821
0.00114721
----------------
1
50
0.037552
0.00168003
0.00125173
0.00114694
----------------
0
51
0.0404542
0.00177065
0.00134847
0.00115105
----------------
1
51
0.0374971
0.00167873
0.0012499
0.00114607
----------------
0
52
0.0397527
0.00195856
0.00132509
0.0011474
----------------
1
52
0.0383612
0.00168257
0.00127871
0.00114708
----------------
0
53
0.0415806
0.00237213
0.00138602
0.00114599
----------------
1
53
0.0419387
0.00299255
0.00139796
0.00114694
----------------
0
54
0.0404606
0.00298093
0.00134869
0.00115114
----------------
1
54
0.0371437
0.00157406
0.00123812
0.00114698
----------------
0
55
0.0385674
0.00182515
0.00128558
0.00114699
----------------
1
55
0.0368502
0.00165248
0.00122834
0.00114898
----------------
0
56
0.0380778
0.00183076
0.00126926
0.00115168
----------------
1
56
0.0411522
0.00246394
0.00137174
0.0011471
----------------
0
57
0.039814
0.00227828
0.00132713
0.00115108
----------------
1
57
0.0405915
0.00266488
0.00135305
0.0011463
----------------
0
58
0.0409014
0.00260899
0.00136338
0.00114884
----------------
1
58
0.0389789
0.0019446
0.0012993
0.0011455
----------------
0
59
0.0424218
0.0030141
0.00141406
0.001149
----------------
1
59
0.0401101
0.00272205
0.001337
0.00114924
----------------
0
60
0.0398262
0.00186596
0.00132754
0.00114913
----------------
1
60
0.0370306
0.00147042
0.00123435
0.00114695
----------------
0
61
0.0402923
0.00236006
0.00134308
0.00114909
----------------
1
61
0.0387443
0.00181749
0.00129148
0.00114688
----------------
0
62
0.039602
0.00251217
0.00132007
0.00114876
----------------
1
62
0.0388255
0.00173586
0.00129418
0.00114867
----------------
0
63
0.0373672
0.00192753
0.00124557
0.00114834
----------------
1
63
0.0397598
0.00213321
0.00132533
0.00114482
----------------
0
64
0.0380324
0.00168311
0.00126775
0.00114693
----------------
1
64
0.0371733
0.00170314
0.00123911
0.00114695
----------------
0
65
0.0410885
0.00186325
0.00136962
0.00114705
----------------
1
65
0.0367532
0.00151555
0.00122511
0.00114766
----------------
0
66
0.0399967
0.00207189
0.00133322
0.00114713
----------------
1
66
0.0409767
0.00224992
0.00136589
0.00115135
----------------
0
67
0.0405736
0.00200152
0.00135245
0.00115231
----------------
1
67
0.0405076
0.00239843
0.00135025
0.00114691
----------------
0
68
0.0408051
0.00188568
0.00136017
0.00114705
----------------
1
68
0.038746
0.00180098
0.00129153
0.00115082
----------------
0
69
0.0424053
0.00257556
0.00141351
0.0011521
----------------
1
69
0.0397776
0.00255564
0.00132592
0.00114695
----------------
0
70
0.0434944
0.00282138
0.00144981
0.00114835
----------------
1
70
0.0378118
0.00167598
0.00126039
0.00115137
----------------
0
71
0.0407442
0.00261786
0.00135814
0.00114756
----------------
1
71
0.0386803
0.0018688
0.00128934
0.001147
----------------
0
72
0.0429067
0.00304217
0.00143022
0.00114885
----------------
1
72
0.0380546
0.00178177
0.00126849
0.00114727
----------------
0
73
0.0407599
0.00305057
0.00135866
0.00114577
----------------
1
73
0.0395257
0.00240264
0.00131752
0.00114646
----------------
0
74
0.0429746
0.00299535
0.00143249
0.0011477
----------------
1
74
0.0382434
0.00244147
0.00127478
0.00114881
----------------
0
75
0.0426744
0.00298732
0.00142248
0.00114708
----------------
1
75
0.0369707
0.00163543
0.00123236
0.00114732
----------------
0
76
0.043187
0.00303384
0.00143957
0.00114909
----------------
1
76
0.0413014
0.00294444
0.00137671
0.00115162
----------------
0
77
0.0453776
0.00296474
0.00151259
0.00114939
----------------
1
77
0.0395553
0.00190903
0.00131851
0.00114698
----------------
0
78
0.045229
0.00304683
0.00150763
0.00114951
----------------
1
78
0.0381204
0.00177849
0.00127068
0.00114622
----------------
0
79
0.0457132
0.00302763
0.00152377
0.00114963
----------------
1
79
0.0399117
0.00281366
0.00133039
0.00114695
----------------
0
80
0.0480554
0.00298732
0.00160185
0.00114819
----------------
1
80
0.0375801
0.00164825
0.00125267
0.00114699
----------------
0
81
0.046472
0.00304192
0.00154907
0.0011504
----------------
1
81
0.0390648
0.00267082
0.00130216
0.00114692
----------------
0
82
0.0458462
0.00303596
0.00152821
0.00114754
----------------
1
82
0.0377234
0.00159476
0.00125745
0.00114914
----------------
0
83
0.0487663
0.00304487
0.00162554
0.00114928
----------------
1
83
0.0399605
0.00200351
0.00133202
0.00115275
----------------
0
84
0.0466261
0.00304241
0.0015542
0.00114698
----------------
1
84
0.0376367
0.00152956
0.00125456
0.00115205
----------------
0
85
0.0498826
0.00300395
0.00166275
0.00114693
----------------
1
85
0.0374525
0.002
0.00124842
0.00114696
----------------
0
86
0.050381
0.00303185
0.00167937
0.00114725
----------------
1
86
0.0396006
0.00248106
0.00132002
0.00114629
----------------
0
87
0.0537492
0.0030455
0.00179164
0.00114687
----------------
1
87
0.0387833
0.00186668
0.00129278
0.00114686
----------------
0
88
0.0499658
0.00303938
0.00166553
0.00114716
----------------
1
88
0.0374175
0.00202715
0.00124725
0.00114696
----------------
0
89
0.0498554
0.00304055
0.00166185
0.0011523
----------------
1
89
0.0358164
0.0013241
0.00119388
0.00114676
----------------
0
90
0.0489262
0.00304466
0.00163087
0.00115204
----------------
1
90
0.0417114
0.00299559
0.00139038
0.00114696
----------------
0
91
0.0467658
0.0030392
0.00155886
0.00115047
----------------
1
91
0.0419559
0.00295419
0.00139853
0.00114648
----------------
0
92
0.0519199
0.00304599
0.00173066
0.00114859
----------------
1
92
0.038858
0.00186984
0.00129527
0.00114948
----------------
0
93
0.0561115
0.00304586
0.00187038
0.00114705
----------------
1
93
0.0412231
0.00297765
0.0013741
0.00114711
----------------
0
94
0.0550711
0.00304575
0.00183571
0.00114686
----------------
1
94
0.0379068
0.00209666
0.00126356
0.00114694
----------------
0
95
0.0584025
0.00304557
0.00194675
0.00114756
----------------
1
95
0.0381653
0.00273163
0.00127218
0.00114713
----------------
0
96
0.0492166
0.00304418
0.00164055
0.00115114
----------------
1
96
0.0388398
0.00191734
0.00129466
0.00114695
----------------
0
97
0.0470814
0.00303824
0.00156938
0.00114916
----------------
1
97
0.0401359
0.00271063
0.00133786
0.00114947
----------------
0
98
0.0492514
0.00374896
0.00164171
0.00114736
----------------
1
98
0.0368792
0.00154812
0.00122931
0.00114909
----------------
0
99
0.0426003
0.0028983
0.00142001
0.00114689
----------------
1
99
0.0369666
0.00221477
0.00123222
0.0011461
----------------
0
100
0.0416889
0.00267365
0.00138963
0.00114699
----------------
1
100
0.0366058
0.00146318
0.00122019
0.00114779
----------------
0
101
0.0458466
0.00385888
0.00152822
0.00114924
----------------
1
101
0.0373576
0.00237831
0.00124525
0.00114606
----------------
0
102
0.0488022
0.0030479
0.00162674
0.00114689
----------------
1
102
0.0410688
0.00273112
0.00136896
0.00114697
----------------
0
103
0.0439361
0.00304653
0.00146454
0.00114685
----------------
1
103
0.0385504
0.00195504
0.00128501
0.00114698
----------------
0
104
0.0451141
0.00300019
0.0015038
0.00114693
----------------
1
104
0.0371187
0.00201086
0.00123729
0.00114657
----------------
0
105
0.0422015
0.00303101
0.00140672
0.00114924
----------------
1
105
0.0409076
0.00262453
0.00136359
0.00114683
----------------
0
106
0.0428052
0.00304384
0.00142684
0.00114748
----------------
1
106
0.0398657
0.00195351
0.00132886
0.00114702
----------------
0
107
0.0393735
0.00204767
0.00131245
0.00114741
----------------
1
107
0.0366119
0.00152017
0.0012204
0.00114629
----------------
0
108
0.0417661
0.00295813
0.0013922
0.00114697
----------------
1
108
0.0359087
0.00136609
0.00119696
0.00114716
----------------
0
109
0.0385166
0.00182974
0.00128389
0.00114686
----------------
1
109
0.0367166
0.00160828
0.00122389
0.00114452
----------------
0
110
0.0372535
0.00161408
0.00124178
0.00114849
----------------
1
110
0.0377332
0.0020664
0.00125777
0.00114712
----------------
0
111
0.0399112
0.002005
0.00133037
0.00114698
----------------
1
111
0.0383107
0.00173977
0.00127702
0.00114955
----------------
0
112
0.0445556
0.00299723
0.00148519
0.00114704
----------------
1
112
0.0362781
0.00140924
0.00120927
0.00114697
----------------
0
113
0.0454849
0.00298591
0.00151616
0.00115158
----------------
1
113
0.0359536
0.00130377
0.00119845
0.00114688
----------------
0
114
0.0460944
0.00300508
0.00153648
0.00114643
----------------
1
114
0.0372198
0.00162983
0.00124066
0.00114901
----------------
0
115
0.043687
0.00233967
0.00145623
0.001147
----------------
1
115
0.0381835
0.00205143
0.00127278
0.00114796
----------------
0
116
0.0434115
0.0027717
0.00144705
0.00115186
----------------
1
116
0.0370694
0.00152731
0.00123565
0.00114691
----------------
0
117
0.0411922
0.0021489
0.00137307
0.00114744
----------------
1
117
0.0385609
0.00225705
0.00128536
0.00114945
----------------
0
118
0.0456891
0.00299632
0.00152297
0.0011512
----------------
1
118
0.0391632
0.00182289
0.00130544
0.00114898
----------------
0
119
0.041043
0.00200635
0.0013681
0.00114656
----------------
1
119
0.0397041
0.00219654
0.00132347
0.00114568
----------------
0
120
0.0400499
0.0018332
0.001335
0.00115082
----------------
1
120
0.0382455
0.00268365
0.00127485
0.00114697
----------------
0
121
0.0394663
0.00170875
0.00131554
0.00114943
----------------
1
121
0.039511
0.00205895
0.00131703
0.00114705
----------------
0
122
0.0385894
0.00170311
0.00128631
0.00114906
----------------
1
122
0.0380964
0.0017705
0.00126988
0.00114849
----------------
0
123
0.0400602
0.00229015
0.00133534
0.00114658
----------------
1
123
0.0416869
0.00244606
0.00138956
0.00114934
----------------
0
124
0.0388992
0.00175989
0.00129664
0.00114686
----------------
1
124
0.0370318
0.00167154
0.00123439
0.00114687
----------------
0
125
0.0398998
0.00296733
0.00132999
0.00114697
----------------
1
125
0.037223
0.0017939
0.00124077
0.00114732
----------------
0
126
0.0424968
0.00272754
0.00141656
0.00114697
----------------
1
126
0.0398658
0.0024284
0.00132886
0.00114694
----------------
0
127
0.0424846
0.0030308
0.00141615
0.00114697
----------------
1
127
0.0401996
0.00269978
0.00133999
0.0011503
----------------
0
128
0.0408864
0.00272773
0.00136288
0.00114698
----------------
1
128
0.0365644
0.00155321
0.00121881
0.00114754
----------------
0
129
0.0400131
0.00225606
0.00133377
0.00114716
----------------
1
129
0.0365238
0.00152594
0.00121746
0.00114919
----------------
0
130
0.0390259
0.00229211
0.00130086
0.00114698
----------------
1
130
0.0362185
0.00162224
0.00120728
0.00114758
----------------
0
131
0.0369931
0.00166597
0.0012331
0.001147
----------------
1
131
0.0380616
0.00289961
0.00126872
0.00114672
----------------
0
132
0.037592
0.00186396
0.00125307
0.001147
----------------
1
132
0.0397078
0.00229162
0.00132359
0.00114709
----------------
0
133
0.036473
0.00196549
0.00121577
0.00114693
----------------
1
133
0.0369138
0.00160984
0.00123046
0.00114739
----------------
0
134
0.0358462
0.00144221
0.00119487
0.00114695
----------------
1
134
0.0364376
0.00164506
0.00121459
0.00114722
----------------
0
135
0.0370714
0.00176095
0.00123571
0.00114656
----------------
1
135
0.037938
0.00181982
0.0012646
0.00114673
----------------
0
136
0.0364779
0.0014735
0.00121593
0.00114633
----------------
1
136
0.0382207
0.00285998
0.00127402
0.00114682
----------------
0
137
0.0373774
0.00171769
0.00124591
0.00114673
----------------
1
137
0.0382232
0.00220712
0.00127411
0.00114678
----------------
0
138
0.0390509
0.00241768
0.0013017
0.00114862
----------------
1
138
0.0400463
0.00225136
0.00133488
0.00114749
----------------
0
139
0.0381762
0.001762
0.00127254
0.00114707
----------------
1
139
0.0389615
0.00184045
0.00129872
0.00114663
----------------
0
140
0.0372945
0.00155867
0.00124315
0.00114637
----------------
1
140
0.0388505
0.00228211
0.00129502
0.00114695
----------------
0
141
0.0368355
0.00192424
0.00122785
0.00114656
----------------
1
141
0.0369878
0.00173421
0.00123293
0.00114723
----------------
0
142
0.0372843
0.00194942
0.00124281
0.00114663
----------------
1
142
0.0394852
0.00246044
0.00131617
0.0011468
----------------
0
143
0.0410585
0.00298334
0.00136862
0.0011494
----------------
1
143
0.0396455
0.00228448
0.00132152
0.00114753
----------------
0
144
0.0546005
0.0127682
0.00182002
0.00114866
----------------
1
144
0.0412589
0.00211453
0.0013753
0.0011469
----------------
0
145
0.0595953
0.00670104
0.00198651
0.00114667
----------------
1
145
0.0388785
0.00188458
0.00129595
0.00114914
----------------
0
146
0.0695148
0.00776859
0.00231716
0.00114703
----------------
1
146
0.0381819
0.00184112
0.00127273
0.00114842
----------------
0
147
0.0680958
0.0092107
0.00226986
0.00114928
----------------
1
147
0.037624
0.00164286
0.00125413
0.00114693
----------------
0
148
0.0602819
0.00409095
0.0020094
0.00114694
----------------
1
148
0.0388959
0.00201726
0.00129653
0.0011478
----------------
0
149
0.0857665
0.00972163
0.00285888
0.00114699
----------------
1
149
0.0381033
0.00202466
0.00127011
0.00115211
----------------
0
150
0.0700618
0.00753077
0.00233539
0.00115043
----------------
1
150
0.0379992
0.00184122
0.00126664
0.00114561
----------------
0
151
0.0536551
0.00440576
0.0017885
0.00114819
----------------
1
151
0.0366069
0.0014502
0.00122023
0.00114707
----------------
0
152
0.0921992
0.0169959
0.00307331
0.00115202
----------------
1
152
0.0388841
0.00181406
0.00129614
0.00114698
----------------
0
153
0.0659598
0.00670982
0.00219866
0.00114709
----------------
1
153
0.0379788
0.00252459
0.00126596
0.00114696
----------------
0
154
0.0752291
0.00545785
0.00250764
0.00114713
----------------
1
154
0.0402248
0.00205722
0.00134083
0.00114691
----------------
0
155
0.079337
0.00670982
0.00264457
0.00115175
----------------
1
155
0.0394629
0.00303499
0.00131543
0.00114852
----------------
0
156
0.0582706
0.00380794
0.00194235
0.00114699
----------------
1
156
0.0379306
0.00171808
0.00126435
0.00114644
----------------
0
157
0.0605782
0.00457083
0.00201927
0.00114887
----------------
1
157
0.0367058
0.00161336
0.00122353
0.00114697
----------------
0
158
0.0639133
0.0099083
0.00213044
0.00115772
----------------
1
158
0.0400674
0.00225575
0.00133558
0.00114708
----------------
0
159
0.0508574
0.00337639
0.00169525
0.00114524
----------------
1
159
0.0358788
0.00130929
0.00119596
0.00114682
----------------
0
160
0.0480285
0.00494466
0.00160095
0.00114707
----------------
1
160
0.0393732
0.00219815
0.00131244
0.00114692
----------------
0
161
0.0558408
0.0114966
0.00186136
0.00115181
----------------
1
161
0.0379067
0.00226483
0.00126356
0.00114732
----------------
0
162
0.0492091
0.0027455
0.0016403
0.0011508
----------------
1
162
0.0409864
0.00303584
0.00136621
0.00114698
----------------
0
163
0.0467091
0.00251618
0.00155697
0.00114817
----------------
1
163
0.0403355
0.00299409
0.00134452
0.00114695
----------------
0
164
0.0447786
0.00289482
0.00149262
0.00114785
----------------
1
164
0.0368319
0.00160562
0.00122773
0.00114709
----------------
0
165
0.0472667
0.00287303
0.00157556
0.001147
----------------
1
165
0.036866
0.00157723
0.00122887
0.00114701
----------------
0
166
0.045694
0.00298456
0.00152313
0.0011466
----------------
1
166
0.0368814
0.00158348
0.00122938
0.00114896
----------------
0
167
0.0414766
0.00246869
0.00138255
0.0011465
----------------
1
167
0.0381093
0.00244607
0.00127031
0.0011491
----------------
0
168
0.0408332
0.00195351
0.00136111
0.00114907
----------------
1
168
0.0402223
0.00283966
0.00134074
0.00114692
----------------
0
169
0.0398043
0.0023955
0.00132681
0.00114917
----------------
1
169
0.0375381
0.00182072
0.00125127
0.00114698
----------------
0
170
0.0397017
0.00258553
0.00132339
0.00114575
----------------
1
170
0.0374493
0.00200112
0.00124831
0.00114615
----------------
0
171
0.03967
0.00227509
0.00132233
0.00115236
----------------
1
171
0.0402566
0.00262064
0.00134189
0.00114706
----------------
0
172
0.0393624
0.00167619
0.00131208
0.00114698
----------------
1
172
0.040633
0.00232604
0.00135443
0.00114999
----------------
0
173
0.0395286
0.00180825
0.00131762
0.00114715
----------------
1
173
0.0366337
0.00163076
0.00122112
0.00114696
----------------
0
174
0.0384135
0.00191458
0.00128045
0.00114702
----------------
1
174
0.0363123
0.00159465
0.00121041
0.00114722
----------------
0
175
0.0389964
0.00197046
0.00129988
0.0011469
----------------
1
175
0.0368689
0.00153622
0.00122896
0.00114901
----------------
0
176
0.0374625
0.00186034
0.00124875
0.00114679
----------------
1
176
0.0370412
0.00188282
0.00123471
0.0011463
----------------
0
177
0.0383919
0.00277154
0.00127973
0.00114706
----------------
1
177
0.0391882
0.00212584
0.00130627
0.00114919
----------------
0
178
0.0383704
0.00166509
0.00127901
0.00114803
----------------
1
178
0.0368519
0.00165565
0.0012284
0.00114601
----------------
0
179
0.0385469
0.00191609
0.0012849
0.00114704
----------------
1
179
0.0368392
0.00172142
0.00122797
0.00114746
----------------
0
180
0.0377707
0.00168294
0.00125902
0.00114666
----------------
1
180
0.0375974
0.00167613
0.00125325
0.00114713
----------------
0
181
0.037286
0.00178864
0.00124287
0.001147
----------------
1
181
0.0373124
0.0018279
0.00124375
0.00114707
----------------
0
182
0.0368624
0.00154437
0.00122875
0.00114988
----------------
1
182
0.0378196
0.0017354
0.00126065
0.0011462
----------------
0
183
0.0387024
0.00282995
0.00129008
0.00114709
----------------
1
183
0.0406521
0.00202503
0.00135507
0.00114813
----------------
0
184
0.0423099
0.00266302
0.00141033
0.00114706
----------------
1
184
0.0382692
0.00226389
0.00127564
0.00114686
----------------
0
185
0.0431463
0.00303783
0.00143821
0.00114607
----------------
1
185
0.0391518
0.00194297
0.00130506
0.00114902
----------------
0
186
0.043729
0.00302381
0.00145763
0.00114693
----------------
1
186
0.0368349
0.00150466
0.00122783
0.00114923
----------------
0
187
0.0433631
0.00303155
0.00144544
0.00114697
----------------
1
187
0.0403363
0.00246537
0.00134454
0.00114642
----------------
0
188
0.0406897
0.00260242
0.00135632
0.00114698
----------------
1
188
0.0368266
0.00152518
0.00122755
0.00114821
----------------
0
189
0.0448547
0.00302729
0.00149516
0.00114693
----------------
1
189
0.041923
0.0026506
0.00139743
0.00114895
----------------
0
190
0.0456671
0.00298105
0.00152224
0.001147
----------------
1
190
0.03725
0.00189397
0.00124167
0.0011478
----------------
0
191
0.0413865
0.00207644
0.00137955
0.00114704
----------------
1
191
0.0405398
0.00233052
0.00135133
0.00114941
----------------
0
192
0.042409
0.00302777
0.00141363
0.00114915
----------------
1
192
0.038068
0.00166144
0.00126893
0.00114919
----------------
0
193
0.0394339
0.00207974
0.00131446
0.00114695
----------------
1
193
0.0368144
0.00197439
0.00122715
0.00114719
----------------
0
194
0.0394728
0.00259337
0.00131576
0.00114694
----------------
1
194
0.0368651
0.00164108
0.00122884
0.00114719
----------------
0
195
0.0388269
0.00192397
0.00129423
0.0011509
----------------
1
195
0.037074
0.00170539
0.0012358
0.001147
----------------
0
196
0.0373021
0.0014751
0.0012434
0.00114713
----------------
1
196
0.039835
0.00293219
0.00132783
0.00114694
----------------
0
197
0.0368922
0.00142794
0.00122974
0.00114791
----------------
1
197
0.0378376
0.00243458
0.00126125
0.0011467
----------------
0
198
0.0385896
0.00303232
0.00128632
0.00114689
----------------
1
198
0.0409479
0.0026857
0.00136493
0.00114517
----------------
0
199
0.0374929
0.00146064
0.00124976
0.00114718
----------------
1
199
0.038625
0.0018522
0.0012875
0.00114797
----------------
0
200
0.0363217
0.00153917
0.00121072
0.00114718
----------------
1
200
0.0396579
0.00235833
0.00132193
0.00114917
----------------
0
201
0.0363771
0.00143223
0.00121257
0.00114689
----------------
1
201
0.0370847
0.00166732
0.00123616
0.00114791
----------------
0
202
0.0373183
0.00188091
0.00124394
0.00114778
----------------
1
202
0.0397626
0.00194997
0.00132542
0.00114695
----------------
0
203
0.0366974
0.00156034
0.00122325
0.00114794
----------------
1
203
0.0396942
0.00292489
0.00132314
0.00114703
----------------
0
204
0.0379305
0.00224577
0.00126435
0.00114867
----------------
1
204
0.040217
0.00259419
0.00134057
0.00114924
----------------
0
205
0.0388636
0.00216844
0.00129545
0.00114551
----------------
1
205
0.0371064
0.00170003
0.00123688
0.00114713
----------------
0
206
0.0406549
0.00221116
0.00135516
0.00114908
----------------
1
206
0.0376311
0.00170354
0.00125437
0.00114693
----------------
0
207
0.042349
0.00219368
0.00141163
0.00114914
----------------
1
207
0.0389812
0.00187528
0.00129937
0.0011486
----------------
0
208
0.0408038
0.0023647
0.00136013
0.00114765
----------------
1
208
0.0404525
0.00212687
0.00134842
0.00114572
----------------
0
209
0.0414336
0.0025107
0.00138112
0.0011464
----------------
1
209
0.0376153
0.00180936
0.00125384
0.00114933
----------------
0
210
0.0405224
0.00212232
0.00135075
0.00114768
----------------
1
210
0.0382832
0.00211333
0.00127611
0.00114619
----------------
0
211
0.038949
0.00208164
0.0012983
0.00114704
----------------
1
211
0.0401815
0.00252028
0.00133938
0.0011474
----------------
0
212
0.0417478
0.0026481
0.00139159
0.00114937
----------------
1
212
0.039465
0.00214622
0.0013155
0.00114862
----------------
0
213
0.0456966
0.00298704
0.00152322
0.00114794
----------------
1
213
0.0370271
0.00158711
0.00123424
0.00114867
----------------
0
214
0.0451078
0.00292759
0.00150359
0.00114653
----------------
1
214
0.0364848
0.00144705
0.00121616
0.00114727
----------------
0
215
0.0407051
0.00294903
0.00135684
0.00114571
----------------
1
215
0.0408724
0.00228224
0.00136241
0.00114691
----------------
0
216
0.04347
0.00292995
0.001449
0.00114711
----------------
1
216
0.0387559
0.00206163
0.00129186
0.00114724
----------------
0
217
0.0389422
0.00299228
0.00129807
0.00114729
----------------
1
217
0.0385839
0.00195301
0.00128613
0.0011473
----------------
0
218
0.0422603
0.0029999
0.00140868
0.0011472
----------------
1
218
0.0397934
0.00246446
0.00132645
0.00114705
----------------
0
219
0.0412476
0.00300022
0.00137492
0.0011468
----------------
1
219
0.0383542
0.00199385
0.00127847
0.00114944
----------------
0
220
0.0378691
0.00157434
0.0012623
0.00114677
----------------
1
220
0.0372966
0.00165322
0.00124322
0.00114736
----------------
0
221
0.0382505
0.00184447
0.00127502
0.00114674
----------------
1
221
0.0410675
0.00240777
0.00136892
0.00114969
----------------
0
222
0.0381105
0.00192933
0.00127035
0.00114709
----------------
1
222
0.0390579
0.00213807
0.00130193
0.00114804
----------------
0
223
0.0385082
0.00204705
0.00128361
0.00114696
----------------
1
223
0.0381562
0.00202159
0.00127187
0.00114701
----------------
0
224
0.0405631
0.00263934
0.0013521
0.00114705
----------------
1
224
0.0362849
0.00149407
0.0012095
0.00114771
----------------
0
225
0.0407946
0.00267502
0.00135982
0.001147
----------------
1
225
0.0402183
0.00193744
0.00134061
0.00114854
----------------
0
226
0.0402821
0.0020925
0.00134274
0.00114633
----------------
1
226
0.0380093
0.00168062
0.00126698
0.00114706
----------------
0
227
0.0373399
0.00165124
0.00124466
0.00114611
----------------
1
227
0.0384526
0.00200012
0.00128175
0.00114917
----------------
0
228
0.0377216
0.00225852
0.00125739
0.00114686
----------------
1
228
0.0395813
0.00199621
0.00131938
0.00114766
----------------
0
229
0.0399869
0.00233936
0.0013329
0.00114855
----------------
1
229
0.0367724
0.00171347
0.00122575
0.00114903
----------------
0
230
0.0387621
0.0019118
0.00129207
0.00114614
----------------
1
230
0.0388058
0.00239515
0.00129353
0.00114685
----------------
0
231
0.0383188
0.00194068
0.00127729
0.00114697
----------------
1
231
0.0370306
0.0015032
0.00123435
0.00114697
----------------
0
232
0.0385647
0.00217502
0.00128549
0.00114916
----------------
1
232
0.0398545
0.00190406
0.00132848
0.00114578
----------------
0
233
0.0379671
0.00179809
0.00126557
0.00114895
----------------
1
233
0.0382634
0.00184975
0.00127545
0.00114909
----------------
0
234
0.038462
0.00205524
0.00128207
0.00114761
----------------
1
234
0.0397778
0.00299874
0.00132593
0.00114687
----------------
0
235
0.0379859
0.00202304
0.0012662
0.0011469
----------------
1
235
0.0374426
0.00167455
0.00124809
0.00114697
----------------
0
236
0.0381552
0.00195419
0.00127184
0.00114599
----------------
1
236
0.0401417
0.00206072
0.00133806
0.00114695
----------------
0
237
0.0390169
0.00219434
0.00130056
0.00114655
----------------
1
237
0.0373759
0.00145851
0.00124586
0.00114661
----------------
0
238
0.0388234
0.00174955
0.00129411
0.00114918
----------------
1
238
0.0394185
0.00221718
0.00131395
0.00114821
----------------
0
239
0.0387258
0.00194215
0.00129086
0.00114914
----------------
1
239
0.0380522
0.00238218
0.00126841
0.00114719
----------------
0
240
0.04094
0.00291891
0.00136467
0.0011473
----------------
1
240
0.0387498
0.00275782
0.00129166
0.001147
----------------
0
241
0.0409631
0.00211734
0.00136544
0.00114739
----------------
1
241
0.0377856
0.0016903
0.00125952
0.00114751
----------------
0
242
0.0400407
0.00211702
0.00133469
0.00114874
----------------
1
242
0.0404647
0.00299819
0.00134882
0.0011462
----------------
0
243
0.0400815
0.00201177
0.00133605
0.0011466
----------------
1
243
0.0364745
0.00161164
0.00121582
0.00114653
----------------
0
244
0.0409622
0.00194606
0.00136541
0.00114845
----------------
1
244
0.0362488
0.00140363
0.00120829
0.00114659
----------------
0
245
0.0383774
0.00176558
0.00127925
0.00114672
----------------
1
245
0.0376643
0.00164287
0.00125548
0.00114881
----------------
0
246
0.0371236
0.00152815
0.00123745
0.00115135
----------------
1
246
0.0371394
0.00228273
0.00123798
0.00114615
----------------
0
247
0.0364309
0.00138644
0.00121436
0.00114713
----------------
1
247
0.0375047
0.0018503
0.00125016
0.00114718
----------------
0
248
0.0408183
0.00299667
0.00136061
0.00114717
----------------
1
248
0.0404756
0.00282844
0.00134919
0.00114904
----------------
0
249
0.0396203
0.00191413
0.00132068
0.00114895
----------------
1
249
0.0394474
0.00195117
0.00131492
0.001147
----------------
0
250
0.0374685
0.00146033
0.00124895
0.00114726
----------------
1
250
0.0386799
0.00205974
0.00128933
0.00114724
----------------
0
251
0.0376731
0.00214602
0.00125577
0.00114618
----------------
1
251
0.0369365
0.00169635
0.00123122
0.00114703
----------------
0
252
0.0375329
0.00180275
0.0012511
0.00114915
----------------
1
252
0.0391499
0.0020914
0.001305
0.00114702
----------------
0
253
0.0388113
0.00297005
0.00129371
0.00114691
----------------
1
253
0.0365019
0.0014951
0.00121673
0.00114677
----------------
0
254
0.0398314
0.00275131
0.00132771
0.00114839
----------------
1
254
0.0406497
0.00236238
0.00135499
0.00114758
----------------
0
255
0.0415549
0.00299863
0.00138516
0.00115035
----------------
1
255
0.0388822
0.00176768
0.00129607
0.00114707
----------------
0
256
0.0457532
0.00301015
0.00152511
0.00114694
----------------
1
256
0.0385422
0.00165488
0.00128474
0.00115187
----------------
0
257
0.0405679
0.00295176
0.00135226
0.00114695
----------------
1
257
0.0392511
0.00248811
0.00130837
0.00114649
----------------
0
258
0.0386877
0.00192523
0.00128959
0.00114724
----------------
1
258
0.0364995
0.0018406
0.00121665
0.0011466
----------------
0
259
0.0386958
0.00191648
0.00128986
0.00114709
----------------
1
259
0.0361342
0.00137189
0.00120447
0.00114688
----------------
0
260
0.0376094
0.00173142
0.00125365
0.00114696
----------------
1
260
0.0380619
0.00186768
0.00126873
0.00114696
----------------
0
261
0.0422125
0.00255473
0.00140708
0.00114929
----------------
1
261
0.0361321
0.00170441
0.0012044
0.00114696
----------------
0
262
0.0393648
0.00303844
0.00131216
0.00114774
----------------
1
262
0.0368314
0.00178
0.00122771
0.00114912
----------------
0
263
0.0380106
0.00231087
0.00126702
0.00114731
----------------
1
263
0.0368092
0.00172414
0.00122697
0.00114763
----------------
0
264
0.0392385
0.00266077
0.00130795
0.00114892
----------------
1
264
0.0370713
0.00182178
0.00123571
0.00114661
----------------
0
265
0.0408681
0.00254588
0.00136227
0.00114689
----------------
1
265
0.0392692
0.00228737
0.00130897
0.00114693
----------------
0
266
0.0410803
0.00259608
0.00136934
0.0011467
----------------
1
266
0.0362006
0.00155406
0.00120669
0.00114655
----------------
0
267
0.0417372
0.00300048
0.00139124
0.00114706
----------------
1
267
0.0372898
0.00161875
0.00124299
0.00114676
----------------
0
268
0.0442525
0.00304414
0.00147508
0.00114624
----------------
1
268
0.0367307
0.00156703
0.00122436
0.00114624
----------------
0
269
0.042879
0.00273222
0.0014293
0.00114713
----------------
1
269
0.0373893
0.00191706
0.00124631
0.00114814
----------------
0
270
0.0458746
0.00304687
0.00152915
0.00114696
----------------
1
270
0.0363641
0.00148614
0.00121214
0.00114691
----------------
0
271
0.0494069
0.00305197
0.0016469
0.00114797
----------------
1
271
0.0390361
0.00209499
0.0013012
0.00114799
----------------
0
272
0.045274
0.00303855
0.00150913
0.0011487
----------------
1
272
0.0368411
0.00150343
0.00122804
0.00114706
----------------
0
273
0.0467442
0.00304957
0.00155814
0.00114686
----------------
1
273
0.0392624
0.00173029
0.00130875
0.00114685
----------------
0
274
0.0451727
0.00344469
0.00150576
0.00114682
----------------
1
274
0.0363713
0.00151583
0.00121238
0.00114728
----------------
0
275
0.047764
0.00328763
0.00159213
0.00114784
----------------
1
275
0.0397711
0.00191297
0.0013257
0.00114692
----------------
0
276
0.0523696
0.00304417
0.00174565
0.00114898
----------------
1
276
0.0384619
0.00198613
0.00128206
0.00114697
----------------
0
277
0.0541249
0.0030656
0.00180416
0.00114677
----------------
1
277
0.0399757
0.0028367
0.00133252
0.00114915
----------------
0
278
0.0536849
0.00306016
0.0017895
0.00114903
----------------
1
278
0.0407509
0.00271787
0.00135836
0.00114685
----------------
0
279
0.0527089
0.00305246
0.00175696
0.00114743
----------------
1
279
0.0374204
0.0017791
0.00124735
0.00114906
----------------
0
280
0.048884
0.00304154
0.00162947
0.00114711
----------------
1
280
0.0366259
0.00153474
0.00122086
0.00114685
----------------
0
281
0.0501201
0.00436617
0.00167067
0.00114906
----------------
1
281
0.0391701
0.00183407
0.00130567
0.00114697
----------------
0
282
0.0519071
0.00507498
0.00173024
0.00114756
----------------
1
282
0.0387866
0.00183909
0.00129289
0.001147
----------------
0
283
0.0475842
0.00379202
0.00158614
0.00114908
----------------
1
283
0.0392174
0.00215416
0.00130725
0.00114691
----------------
0
284
0.0502257
0.00322128
0.00167419
0.0011491
----------------
1
284
0.0387548
0.00195885
0.00129183
0.00114704
----------------
0
285
0.04444
0.00327113
0.00148133
0.0011492
----------------
1
285
0.0371573
0.00163863
0.00123858
0.00114696
----------------
0
286
0.0424296
0.00304178
0.00141432
0.00114691
----------------
1
286
0.0369511
0.00146988
0.0012317
0.0011469
----------------
0
287
0.0406482
0.00304168
0.00135494
0.00114716
----------------
1
287
0.0380613
0.00178415
0.00126871
0.001147
----------------
0
288
0.0420206
0.00304218
0.00140069
0.00114856
----------------
1
288
0.039309
0.00177997
0.0013103
0.00114743
----------------
0
289
0.0396871
0.00212649
0.0013229
0.00114755
----------------
1
289
0.037992
0.00169952
0.0012664
0.00114665
----------------
0
290
0.0408459
0.00212604
0.00136153
0.0011495
----------------
1
290
0.0375101
0.00176882
0.00125034
0.0011471
----------------
0
291
0.0387526
0.00303567
0.00129175
0.00114687
----------------
1
291
0.0372825
0.00159358
0.00124275
0.00114695
----------------
0
292
0.0394592
0.0030363
0.00131531
0.00114684
----------------
1
292
0.0392815
0.00212364
0.00130938
0.00114617
----------------
0
293
0.0377346
0.00168798
0.00125782
0.00114589
----------------
1
293
0.0392375
0.00215087
0.00130792
0.00114992
----------------
0
294
0.0384264
0.00193628
0.00128088
0.00114784
----------------
1
294
0.0392218
0.00234884
0.00130739
0.00114694
----------------
0
295
0.0387794
0.0022495
0.00129265
0.0011471
----------------
1
295
0.0374719
0.00158985
0.00124906
0.00114911
----------------
0
296
0.0388847
0.00190664
0.00129616
0.00114697
----------------
1
296
0.0374006
0.00170941
0.00124669
0.00114686
----------------
0
297
0.0384474
0.00224317
0.00128158
0.00114707
----------------
1
297
0.0387197
0.00221476
0.00129066
0.00114913
----------------
0
298
0.0396191
0.0019648
0.00132064
0.00114831
----------------
1
298
0.0397573
0.00217937
0.00132524
0.00114663
----------------
0
299
0.0378855
0.00184994
0.00126285
0.00114834
----------------
1
299
0.0364031
0.00153497
0.00121344
0.00114889
