----------------
0
1
0.0368676
0.00180484
0.00122892
0.00114713
----------------
1
1
0.037152
0.00160429
0.0012384
0.00114909
----------------
0
2
0.0398398
0.00179557
0.00132799
0.00114699
----------------
1
2
0.0386383
0.00180814
0.00128794
0.00114782
----------------
0
3
0.0366258
0.00179283
0.00122086
0.00114694
----------------
1
3
0.0361262
0.00141379
0.00120421
0.00114788
----------------
0
4
0.0398374
0.00183956
0.00132791
0.0011505
----------------
1
4
0.0370914
0.00156483
0.00123638
0.00114625
----------------
0
5
0.0372159
0.00160681
0.00124053
0.00114499
----------------
1
5
0.0380125
0.00187219
0.00126708
0.00114803
----------------
0
6
0.0394335
0.00186715
0.00131445
0.00114693
----------------
1
6
0.0405077
0.00222119
0.00135026
0.00114719
----------------
0
7
0.0382254
0.00158497
0.00127418
0.00114695
----------------
1
7
0.0368751
0.00180792
0.00122917
0.00114733
----------------
0
8
0.0371209
0.00153925
0.00123736
0.00114674
----------------
1
8
0.0367435
0.0015959
0.00122478
0.00114686
----------------
0
9
0.0383748
0.00167849
0.00127916
0.00114694
----------------
1
9
0.0379864
0.00185658
0.00126621
0.00115221
----------------
0
10
0.0396283
0.00185967
0.00132094
0.00114718
----------------
1
10
0.0371917
0.00180087
0.00123972
0.00114732
----------------
0
11
0.0366169
0.00160583
0.00122056
0.00114697
----------------
1
11
0.0368047
0.00183111
0.00122682
0.00114598
----------------
0
12
0.0394533
0.00180756
0.00131511
0.00114701
----------------
1
12
0.0387676
0.00180659
0.00129225
0.00114563
----------------
0
13
0.037639
0.00182735
0.00125463
0.00114643
----------------
1
13
0.0362627
0.00135301
0.00120876
0.00114657
----------------
0
14
0.0370067
0.00149593
0.00123356
0.00114619
----------------
1
14
0.0376702
0.00174849
0.00125567
0.00114721
----------------
0
15
0.0379262
0.00180561
0.00126421
0.00114907
----------------
1
15
0.0381349
0.0018093
0.00127116
0.00114773
----------------
0
16
0.0392273
0.00192017
0.00130758
0.00114851
----------------
1
16
0.0397636
0.00187032
0.00132545
0.00114693
----------------
0
17
0.0385244
0.00172945
0.00128415
0.00114633
----------------
1
17
0.0373078
0.00142871
0.00124359
0.00114683
----------------
0
18
0.0376524
0.00199175
0.00125508
0.00114728
----------------
1
18
0.0371826
0.00165897
0.00123942
0.00114714
----------------
0
19
0.0370683
0.00163635
0.00123561
0.00114962
----------------
1
19
0.036998
0.00187075
0.00123327
0.00114702
----------------
0
20
0.0382478
0.00187193
0.00127493
0.00114745
----------------
1
20
0.0389845
0.00191842
0.00129948
0.00114705
----------------
0
21
0.0399513
0.00185403
0.00133171
0.00114714
----------------
1
21
0.037238
0.00158311
0.00124127
0.00114695
----------------
0
22
0.0369667
0.00160518
0.00123222
0.00114714
----------------
1
22
0.0371175
0.00156965
0.00123725
0.00114701
----------------
0
23
0.0374608
0.0016116
0.00124869
0.00114696
----------------
1
23
0.0372785
0.00180658
0.00124262
0.00114751
----------------
0
24
0.0367115
0.0017611
0.00122372
0.00114641
----------------
1
24
0.0370782
0.00183472
0.00123594
0.00114716
----------------
0
25
0.0384844
0.00180607
0.00128281
0.00114745
----------------
1
25
0.0385885
0.0018357
0.00128628
0.00115006
----------------
0
26
0.0368313
0.00168977
0.00122771
0.00114624
----------------
1
26
0.0397975
0.00186643
0.00132658
0.00114641
----------------
0
27
0.0372662
0.00180974
0.00124221
0.00114685
----------------
1
27
0.0402954
0.00216377
0.00134318
0.00115219
----------------
0
28
0.037886
0.00185698
0.00126287
0.00114758
----------------
1
28
0.0380713
0.0016744
0.00126904
0.00114691
----------------
0
29
0.0372695
0.00180419
0.00124232
0.00114919
----------------
1
29
0.0376736
0.00179892
0.00125579
0.00114917
----------------
0
30
0.0366715
0.00146339
0.00122238
0.00114717
----------------
1
30
0.0370201
0.00180162
0.001234
0.00114783
----------------
0
31
0.0377383
0.00180443
0.00125794
0.00114703
----------------
1
31
0.0375479
0.00180612
0.0012516
0.00114692
----------------
0
32
0.0380582
0.00177221
0.00126861
0.00114702
----------------
1
32
0.0398178
0.00222904
0.00132726
0.00114725
----------------
0
33
0.0374327
0.0017889
0.00124776
0.00114724
----------------
1
33
0.0384398
0.00178024
0.00128133
0.00114954
----------------
0
34
0.0378842
0.00167525
0.00126281
0.00114635
----------------
1
34
0.040766
0.00186375
0.00135887
0.00115173
----------------
0
35
0.037822
0.00228222
0.00126073
0.00114639
----------------
1
35
0.0394665
0.00186682
0.00131555
0.00114693
----------------
0
36
0.0365623
0.00175694
0.00121874
0.00114673
----------------
1
36
0.0366542
0.00140931
0.00122181
0.00114769
----------------
0
37
0.0381479
0.00186702
0.0012716
0.00114682
----------------
1
37
0.0367392
0.00160865
0.00122464
0.0011485
----------------
0
38
0.0374516
0.00152476
0.00124839
0.00114812
----------------
1
38
0.0410244
0.00252059
0.00136748
0.00115134
----------------
0
39
0.0374691
0.00180598
0.00124897
0.00114866
----------------
1
39
0.0369029
0.00177278
0.0012301
0.00114859
----------------
0
40
0.0392206
0.00180828
0.00130736
0.00114901
----------------
1
40
0.0395413
0.00230665
0.00131804
0.00114694
----------------
0
41
0.0385145
0.00187033
0.00128382
0.00114703
----------------
1
41
0.0382696
0.00175432
0.00127565
0.00114741
----------------
0
42
0.0379256
0.00167451
0.00126419
0.001149
----------------
1
42
0.0372639
0.00156652
0.00124213
0.00114691
----------------
0
43
0.0378822
0.00172059
0.00126274
0.00114953
----------------
1
43
0.0378493
0.00208267
0.00126164
0.00114715
----------------
0
44
0.0363813
0.00148491
0.00121271
0.00114627
----------------
1
44
0.0375408
0.00177467
0.00125136
0.00114706
----------------
0
45
0.0364782
0.00171676
0.00121594
0.00114676
----------------
1
45
0.039776
0.00266092
0.00132587
0.00114953
----------------
0
46
0.0376433
0.00175592
0.00125478
0.00114682
----------------
1
46
0.0389848
0.00186319
0.00129949
0.00114714
----------------
0
47
0.0376205
0.0018037
0.00125402
0.0011471
----------------
1
47
0.0400948
0.0018311
0.00133649
0.0011465
----------------
0
48
0.038465
0.00180887
0.00128217
0.00114801
----------------
1
48
0.0389673
0.00168887
0.00129891
0.00114693
----------------
0
49
0.0369789
0.00164161
0.00123263
0.00114708
----------------
1
49
0.0370837
0.00156498
0.00123612
0.00114802
----------------
0
50
0.038489
0.00160393
0.00128297
0.00114701
----------------
1
50
0.0370862
0.00149985
0.00123621
0.00114965
----------------
0
51
0.0380451
0.00185098
0.00126817
0.00114635
----------------
1
51
0.0378258
0.0018074
0.00126086
0.00114708
----------------
0
52
0.0378999
0.00176845
0.00126333
0.001147
----------------
1
52
0.038815
0.00180474
0.00129383
0.00115004
----------------
0
53
0.0396467
0.00186869
0.00132156
0.0011477
----------------
1
53
0.0381288
0.00184753
0.00127096
0.00114662
----------------
0
54
0.03795
0.00157933
0.001265
0.00114722
----------------
1
54
0.0407706
0.00213395
0.00135902
0.00115206
----------------
0
55
0.0377199
0.00159364
0.00125733
0.00114701
----------------
1
55
0.0391769
0.00181912
0.0013059
0.00114694
----------------
0
56
0.037883
0.0018459
0.00126277
0.00114723
----------------
1
56
0.0372631
0.00167938
0.0012421
0.00114883
----------------
0
57
0.0370549
0.0014371
0.00123516
0.00114926
----------------
1
57
0.0373423
0.00161042
0.00124474
0.00114698
----------------
0
58
0.0365629
0.00146341
0.00121876
0.00114827
----------------
1
58
0.0370861
0.00172211
0.0012362
0.0011465
----------------
0
59
0.0370623
0.0016136
0.00123541
0.00114673
----------------
1
59
0.0392518
0.00195168
0.00130839
0.00114747
----------------
0
60
0.0371404
0.00180794
0.00123801
0.00114804
----------------
1
60
0.0380666
0.00202776
0.00126889
0.0011521
----------------
0
61
0.0377293
0.00212359
0.00125764
0.00114679
----------------
1
61
0.0396257
0.00199089
0.00132086
0.00114685
----------------
0
62
0.0385506
0.00186723
0.00128502
0.00114702
----------------
1
62
0.0377141
0.0016746
0.00125714
0.00114706
----------------
0
63
0.0370435
0.00150965
0.00123478
0.00114709
----------------
1
63
0.0375549
0.00160115
0.00125183
0.00114639
----------------
0
64
0.0373485
0.00182651
0.00124495
0.00114672
----------------
1
64
0.0368324
0.00180437
0.00122775
0.00114698
----------------
0
65
0.0363729
0.00141871
0.00121243
0.00114666
----------------
1
65
0.0390881
0.00225046
0.00130294
0.0011469
----------------
0
66
0.0375087
0.00181489
0.00125029
0.00114706
----------------
1
66
0.0401421
0.00187311
0.00133807
0.00114691
----------------
0
67
0.0382755
0.00186132
0.00127585
0.00114689
----------------
1
67
0.0360324
0.00132584
0.00120108
0.00114714
----------------
0
68
0.0381863
0.00192244
0.00127288
0.00114721
----------------
1
68
0.0369559
0.00180078
0.00123186
0.00114632
----------------
0
69
0.0388173
0.00180789
0.00129391
0.00114708
----------------
1
69
0.0392906
0.00197837
0.00130969
0.00114823
----------------
0
70
0.0382611
0.00180683
0.00127537
0.00114917
----------------
1
70
0.0368993
0.00169107
0.00122998
0.0011472
----------------
0
71
0.0391898
0.00225882
0.00130633
0.00114696
----------------
1
71
0.038488
0.00180594
0.00128293
0.00114516
----------------
0
72
0.0394775
0.00221415
0.00131592
0.00114878
----------------
1
72
0.0378873
0.00180978
0.00126291
0.00114652
----------------
0
73
0.0373642
0.00157783
0.00124547
0.00114912
----------------
1
73
0.0370154
0.00157021
0.00123385
0.00114643
----------------
0
74
0.0394396
0.00199197
0.00131465
0.00114691
----------------
1
74
0.0362903
0.00166193
0.00120968
0.00114916
----------------
0
75
0.0377592
0.00218021
0.00125864
0.00114708
----------------
1
75
0.0394394
0.00271737
0.00131465
0.00114698
----------------
0
76
0.0370321
0.00163098
0.0012344
0.00114671
----------------
1
76
0.0398168
0.00221034
0.00132723
0.00114687
----------------
0
77
0.0386226
0.00180196
0.00128742
0.00114917
----------------
1
77
0.0370909
0.00181038
0.00123636
0.00114694
----------------
0
78
0.0391391
0.00177259
0.00130464
0.00114917
----------------
1
78
0.0372824
0.0015903
0.00124275
0.00114849
----------------
0
79
0.0376585
0.00157056
0.00125528
0.00114935
----------------
1
79
0.0365182
0.00158066
0.00121727
0.00114679
----------------
0
80
0.0387938
0.00180625
0.00129313
0.00114708
----------------
1
80
0.0382991
0.0018662
0.00127664
0.00114931
----------------
0
81
0.0389395
0.00186734
0.00129798
0.00114921
----------------
1
81
0.0359962
0.0013992
0.00119987
0.00114667
----------------
0
82
0.0388931
0.00166112
0.00129644
0.00114699
----------------
1
82
0.0378516
0.00171983
0.00126172
0.00114659
----------------
0
83
0.0367639
0.00161664
0.00122546
0.0011469
----------------
1
83
0.038708
0.00168699
0.00129027
0.00114707
----------------
0
84
0.0389811
0.00182452
0.00129937
0.00114707
----------------
1
84
0.0411408
0.0021118
0.00137136
0.00114681
----------------
0
85
0.0378513
0.00186348
0.00126171
0.00114637
----------------
1
85
0.0376167
0.00179575
0.00125389
0.00114696
----------------
0
86
0.0368417
0.00183043
0.00122806
0.00114693
----------------
1
86
0.0362826
0.00136573
0.00120942
0.00114695
----------------
0
87
0.0385116
0.00168952
0.00128372
0.00114919
----------------
1
87
0.0368651
0.00156863
0.00122884
0.00114701
----------------
0
88
0.0385064
0.00181053
0.00128355
0.00114728
----------------
1
88
0.0395549
0.00180375
0.0013185
0.00114695
----------------
0
89
0.038388
0.00187129
0.0012796
0.00114698
----------------
1
89
0.0365619
0.00144353
0.00121873
0.00114698
----------------
0
90
0.0389382
0.00180475
0.00129794
0.00114695
----------------
1
90
0.0385646
0.00180614
0.00128549
0.00115016
----------------
0
91
0.0379611
0.00180533
0.00126537
0.00114718
----------------
1
91
0.0369237
0.00170815
0.00123079
0.00114624
----------------
0
92
0.0374868
0.00176014
0.00124956
0.00114739
----------------
1
92
0.0372644
0.00162017
0.00124215
0.00114701
----------------
0
93
0.0373129
0.00161792
0.00124376
0.00114833
----------------
1
93
0.038322
0.00185215
0.0012774
0.00114695
----------------
0
94
0.0379583
0.00185698
0.00126528
0.0011494
----------------
1
94
0.0406151
0.0018718
0.00135384
0.00114706
----------------
0
95
0.0383927
0.00185332
0.00127976
0.00114597
----------------
1
95
0.0369458
0.00153245
0.00123153
0.0011471
----------------
0
96
0.0365833
0.00144274
0.00121944
0.00114802
----------------
1
96
0.037462
0.00148286
0.00124873
0.00114728
----------------
0
97
0.0382952
0.00188623
0.00127651
0.00114671
----------------
1
97
0.0371685
0.00139018
0.00123895
0.00114713
----------------
0
98
0.0384725
0.00180457
0.00128242
0.00114693
----------------
1
98
0.0385869
0.00180463
0.00128623
0.00114759
----------------
0
99
0.0407153
0.00187078
0.00135718
0.00114576
----------------
1
99
0.0381409
0.00186493
0.00127136
0.00114692
----------------
0
100
0.037286
0.00177524
0.00124287
0.00114773
----------------
1
100
0.0369096
0.00180501
0.00123032
0.00114709
----------------
0
101
0.0369309
0.00167439
0.00123103
0.001147
----------------
1
101
0.0366532
0.00145016
0.00122177
0.00114738
----------------
0
102
0.038879
0.00168548
0.00129597
0.00114925
----------------
1
102
0.0400358
0.0019004
0.00133453
0.00114703
----------------
0
103
0.0378133
0.00179554
0.00126044
0.00114707
----------------
1
103
0.0374335
0.00162972
0.00124778
0.00114891
----------------
0
104
0.0361323
0.00163267
0.00120441
0.00114695
----------------
1
104
0.0395706
0.00180579
0.00131902
0.00114768
----------------
0
105
0.0381219
0.00200474
0.00127073
0.00114738
----------------
1
105
0.0382485
0.00152635
0.00127495
0.00114675
----------------
0
106
0.0386589
0.00186928
0.00128863
0.00115134
----------------
1
106
0.0386104
0.0018705
0.00128701
0.0011478
----------------
0
107
0.0391049
0.00184455
0.0013035
0.00114688
----------------
1
107
0.0382752
0.00182079
0.00127584
0.00114689
----------------
0
108
0.0376756
0.00173624
0.00125585
0.00114691
----------------
1
108
0.0370887
0.00184872
0.00123629
0.00114696
----------------
0
109
0.0373588
0.00148431
0.00124529
0.00114692
----------------
1
109
0.0377549
0.00176007
0.0012585
0.00114677
----------------
0
110
0.0373008
0.00183955
0.00124336
0.00114702
----------------
1
110
0.0364184
0.00144792
0.00121395
0.00114697
----------------
0
111
0.0370538
0.00186954
0.00123513
0.00114705
----------------
1
111
0.0393265
0.00180559
0.00131088
0.00114591
----------------
0
112
0.0387139
0.00229211
0.00129046
0.00114704
----------------
1
112
0.0371377
0.00165769
0.00123792
0.00114618
----------------
0
113
0.0368234
0.00187202
0.00122745
0.00114694
----------------
1
113
0.0366943
0.00145306
0.00122314
0.00114788
----------------
0
114
0.0385681
0.0018644
0.0012856
0.00114649
----------------
1
114
0.0374665
0.00180508
0.00124888
0.00114639
----------------
0
115
0.0372529
0.00157603
0.00124176
0.00114686
----------------
1
115
0.0393218
0.00187008
0.00131073
0.00114692
----------------
0
116
0.039936
0.00193218
0.0013312
0.0011471
----------------
1
116
0.0381176
0.00174325
0.00127059
0.00114717
----------------
0
117
0.0375075
0.00187371
0.00125025
0.00114728
----------------
1
117
0.0377593
0.00162534
0.00125864
0.00114619
----------------
0
118
0.037008
0.00186678
0.0012336
0.00114497
----------------
1
118
0.0374792
0.00172286
0.00124931
0.00114696
----------------
0
119
0.0371695
0.00183298
0.00123898
0.00114711
----------------
1
119
0.0384657
0.00228105
0.00128219
0.00114701
----------------
0
120
0.0399968
0.00398277
0.00133323
0.00114756
----------------
1
120
0.0397444
0.00187157
0.00132481
0.00115699
----------------
0
121
0.0445113
0.00642761
0.00148371
0.00114908
----------------
1
121
0.0381914
0.00205677
0.00127305
0.00114868
----------------
0
122
0.0379334
0.00157168
0.00126445
0.00114908
----------------
1
122
0.0405612
0.00200468
0.00135204
0.00114917
----------------
0
123
0.0420561
0.00194501
0.00140187
0.00114697
----------------
1
123
0.0384056
0.00185396
0.00128019
0.00114673
----------------
0
124
0.0387099
0.00187048
0.00129033
0.00114708
----------------
1
124
0.0375154
0.00173592
0.00125051
0.00114687
----------------
0
125
0.0364068
0.00180574
0.00121356
0.00114691
----------------
1
125
0.0365342
0.0017213
0.00121781
0.00114711
----------------
0
126
0.0382372
0.00185834
0.00127457
0.00114615
----------------
1
126
0.0372004
0.00180429
0.00124001
0.00114668
----------------
0
127
0.0385202
0.00184373
0.00128401
0.00114658
----------------
1
127
0.039723
0.00186698
0.0013241
0.00114695
----------------
0
128
0.0364107
0.00169584
0.00121369
0.00114707
----------------
1
128
0.0372645
0.00186629
0.00124215
0.00114651
----------------
0
129
0.0377181
0.00167916
0.00125727
0.00114742
----------------
1
129
0.0369606
0.00180055
0.00123202
0.00114917
----------------
0
130
0.036433
0.00158514
0.00121443
0.00114707
----------------
1
130
0.0373574
0.00172531
0.00124525
0.00114627
----------------
0
131
0.0406652
0.00187935
0.00135551
0.00114699
----------------
1
131
0.0387244
0.00186799
0.00129081
0.00114726
----------------
0
132
0.0378418
0.00180381
0.00126139
0.00114665
----------------
1
132
0.0366722
0.00146955
0.00122241
0.00114727
----------------
0
133
0.0404718
0.00186736
0.00134906
0.00114702
----------------
1
133
0.0362814
0.0015352
0.00120938
0.00114746
----------------
0
134
0.0390945
0.00228846
0.00130315
0.00114912
----------------
1
134
0.0394952
0.00180149
0.00131651
0.00114868
----------------
0
135
0.0375349
0.00181258
0.00125116
0.00114751
----------------
1
135
0.0372929
0.00174579
0.0012431
0.00114888
----------------
0
136
0.0371117
0.00162242
0.00123706
0.00114629
----------------
1
136
0.0382426
0.00183268
0.00127475
0.00114683
----------------
0
137
0.0376046
0.00180737
0.00125349
0.00114686
----------------
1
137
0.0390016
0.0018669
0.00130005
0.00115126
----------------
0
138
0.0379767
0.00186694
0.00126589
0.00114648
----------------
1
138
0.0387699
0.00179506
0.00129233
0.00114683
----------------
0
139
0.0377103
0.00186932
0.00125701
0.00114952
----------------
1
139
0.0409147
0.00186988
0.00136382
0.00114707
----------------
0
140
0.041316
0.00229079
0.0013772
0.00114724
----------------
1
140
0.0382228
0.00184912
0.00127409
0.00114697
----------------
0
141
0.0383256
0.0018961
0.00127752
0.00114916
----------------
1
141
0.0383099
0.00183498
0.001277
0.00114691
----------------
0
142
0.0374257
0.00180526
0.00124752
0.00114702
----------------
1
142
0.0370099
0.00164409
0.00123366
0.00114787
----------------
0
143
0.0372903
0.00179529
0.00124301
0.00114682
----------------
1
143
0.0388582
0.00173767
0.00129527
0.00114887
----------------
0
144
0.0381462
0.00180696
0.00127154
0.00114694
----------------
1
144
0.0394204
0.0018673
0.00131401
0.00115165
----------------
0
145
0.0387148
0.00163348
0.00129049
0.0011472
----------------
1
145
0.037908
0.00186877
0.0012636
0.00114692
----------------
0
146
0.0382044
0.0018655
0.00127348
0.00114965
----------------
1
146
0.0408701
0.00187552
0.00136234
0.00114691
----------------
0
147
0.0382588
0.00184101
0.00127529
0.00114701
----------------
1
147
0.037413
0.00176467
0.0012471
0.00114706
----------------
0
148
0.038256
0.0018659
0.0012752
0.00114995
----------------
1
148
0.0370549
0.00149284
0.00123516
0.00114675
----------------
0
149
0.038482
0.00205076
0.00128273
0.00114886
----------------
1
149
0.0373137
0.00163321
0.00124379
0.00114701
----------------
0
150
0.0381033
0.00182314
0.00127011
0.00114751
----------------
1
150
0.0373929
0.00180415
0.00124643
0.00114676
----------------
0
151
0.0383448
0.00180547
0.00127816
0.00114743
----------------
1
151
0.038385
0.0018664
0.0012795
0.0011468
----------------
0
152
0.0372363
0.00187048
0.00124121
0.00114667
----------------
1
152
0.0377517
0.00166218
0.00125839
0.00114798
----------------
0
153
0.0401663
0.00249285
0.00133888
0.00114777
----------------
1
153
0.0410819
0.00195448
0.0013694
0.00114687
----------------
0
154
0.0381225
0.0016618
0.00127075
0.00114642
----------------
1
154
0.0380147
0.00180548
0.00126716
0.00114572
----------------
0
155
0.0388845
0.00182488
0.00129615
0.0011493
----------------
1
155
0.0369391
0.00153185
0.0012313
0.0011471
----------------
0
156
0.0377859
0.00197444
0.00125953
0.0011471
----------------
1
156
0.0364821
0.00180808
0.00121607
0.00114693
----------------
0
157
0.0382771
0.00187692
0.0012759
0.00114938
----------------
1
157
0.0402396
0.00200177
0.00134132
0.00114757
----------------
0
158
0.0380224
0.00180215
0.00126741
0.00114844
----------------
1
158
0.036584
0.00145754
0.00121947
0.00114726
----------------
0
159
0.0398284
0.00187008
0.00132761
0.00114695
----------------
1
159
0.0392537
0.00186719
0.00130846
0.00114904
----------------
0
160
0.0388884
0.00180834
0.00129628
0.0011473
----------------
1
160
0.0364661
0.0015151
0.00121554
0.00114741
----------------
0
161
0.0387608
0.00186893
0.00129203
0.0011471
----------------
1
161
0.0367239
0.00161143
0.00122413
0.0011484
----------------
0
162
0.0369225
0.00147709
0.00123075
0.00114687
----------------
1
162
0.0388322
0.00202148
0.00129441
0.00115074
----------------
0
163
0.0370907
0.00154108
0.00123636
0.00114703
----------------
1
163
0.0369784
0.00158675
0.00123261
0.00114869
----------------
0
164
0.0382429
0.00186794
0.00127476
0.00114496
----------------
1
164
0.0376299
0.00187215
0.00125433
0.00114668
----------------
0
165
0.0394465
0.00179896
0.00131488
0.00114929
----------------
1
165
0.0395458
0.0018454
0.00131819
0.00114678
----------------
0
166
0.0383199
0.00186823
0.00127733
0.00114689
----------------
1
166
0.0363177
0.00135423
0.00121059
0.0011471
----------------
0
167
0.0369121
0.00160779
0.0012304
0.0011469
----------------
1
167
0.0374923
0.00169027
0.00124974
0.00114684
----------------
0
168
0.037851
0.00150372
0.0012617
0.00114792
----------------
1
168
0.0384969
0.0018699
0.00128323
0.00114756
----------------
0
169
0.0379569
0.00184706
0.00126523
0.0011471
----------------
1
169
0.0399787
0.00180308
0.00133262
0.00114779
----------------
0
170
0.0374934
0.00184592
0.00124978
0.00114613
----------------
1
170
0.0373131
0.00187088
0.00124377
0.0011506
----------------
0
171
0.0373836
0.00174042
0.00124612
0.00114694
----------------
1
171
0.0375476
0.00163485
0.00125159
0.00114763
----------------
0
172
0.0417068
0.00494511
0.00139023
0.00115183
----------------
1
172
0.0371049
0.00183226
0.00123683
0.00114609
----------------
0
173
0.0371017
0.00180394
0.00123672
0.00114703
----------------
1
173
0.0387712
0.0018094
0.00129237
0.00114756
----------------
0
174
0.038752
0.00180094
0.00129173
0.00114637
----------------
1
174
0.0382179
0.00192114
0.00127393
0.00114658
----------------
0
175
0.0376685
0.00144076
0.00125562
0.00114915
----------------
1
175
0.0400306
0.00262488
0.00133435
0.00114903
----------------
0
176
0.0389621
0.00187094
0.00129874
0.00114734
----------------
1
176
0.0401112
0.00218121
0.00133704
0.00114692
----------------
0
177
0.0378921
0.00164008
0.00126307
0.00114632
----------------
1
177
0.0361823
0.00144592
0.00120608
0.00114703
----------------
0
178
0.0372052
0.00157931
0.00124017
0.00114704
----------------
1
178
0.037378
0.00167273
0.00124593
0.00114698
----------------
0
179
0.0386415
0.00190737
0.00128805
0.00114695
----------------
1
179
0.0384384
0.00182563
0.00128128
0.00114877
----------------
0
180
0.0399277
0.00224235
0.00133092
0.0011469
----------------
1
180
0.0406454
0.00187079
0.00135485
0.00115333
----------------
0
181
0.0380062
0.00174916
0.00126687
0.00114694
----------------
1
181
0.0379019
0.00161969
0.0012634
0.00114883
----------------
0
182
0.0387872
0.00180454
0.00129291
0.00114697
----------------
1
182
0.0367435
0.00180787
0.00122478
0.00114833
----------------
0
183
0.0379373
0.00168236
0.00126458
0.00114808
----------------
1
183
0.0367014
0.00180318
0.00122338
0.00114608
----------------
0
184
0.0388134
0.00178164
0.00129378
0.00114951
----------------
1
184
0.0400844
0.00181164
0.00133615
0.00114702
----------------
0
185
0.0370394
0.00170167
0.00123465
0.00114866
----------------
1
185
0.0373514
0.00186635
0.00124505
0.00114503
----------------
0
186
0.0414924
0.00187251
0.00138308
0.00114729
----------------
1
186
0.0387617
0.00186747
0.00129206
0.00114677
----------------
0
187
0.039563
0.00223431
0.00131877
0.0011476
----------------
1
187
0.0377565
0.00156895
0.00125855
0.00114705
----------------
0
188
0.0378561
0.00181103
0.00126187
0.00114734
----------------
1
188
0.0408148
0.0018676
0.00136049
0.00114697
----------------
0
189
0.0378864
0.0019033
0.00126288
0.00114696
----------------
1
189
0.0386652
0.0018967
0.00128884
0.0011459
----------------
0
190
0.0390109
0.00186022
0.00130036
0.00114606
----------------
1
190
0.0363487
0.0014751
0.00121162
0.00114699
----------------
0
191
0.0382019
0.00184213
0.0012734
0.00114764
----------------
1
191
0.0365843
0.00165107
0.00121948
0.00114672
----------------
0
192
0.038905
0.00180419
0.00129683
0.00114863
----------------
1
192
0.0387211
0.00187513
0.0012907
0.00114785
----------------
0
193
0.0379546
0.00186639
0.00126515
0.00114919
----------------
1
193
0.0369833
0.00169973
0.00123278
0.00114716
----------------
0
194
0.0385558
0.00186676
0.00128519
0.00114721
----------------
1
194
0.0375518
0.00180711
0.00125173
0.0011468
----------------
0
195
0.0385148
0.00185595
0.00128383
0.00114773
----------------
1
195
0.0381386
0.0018641
0.00127129
0.00114702
----------------
0
196
0.037768
0.00181164
0.00125893
0.00114697
----------------
1
196
0.0377976
0.00180478
0.00125992
0.00114697
----------------
0
197
0.0371098
0.00170574
0.00123699
0.00114679
----------------
1
197
0.0365823
0.00151438
0.00121941
0.00114695
----------------
0
198
0.0379862
0.00186319
0.00126621
0.00114662
----------------
1
198
0.0387574
0.00180638
0.00129191
0.00114453
----------------
0
199
0.0371576
0.00183266
0.00123859
0.00114935
----------------
1
199
0.0405307
0.00186736
0.00135102
0.00114693
----------------
0
200
0.0383478
0.0023025
0.00127826
0.00114756
----------------
1
200
0.0375297
0.00180854
0.00125099
0.00114885
----------------
0
201
0.037835
0.00166305
0.00126117
0.00114698
----------------
1
201
0.0369287
0.0017415
0.00123096
0.00114652
----------------
0
202
0.0386788
0.00168068
0.00128929
0.00114706
----------------
1
202
0.0371911
0.00168125
0.0012397
0.00114676
----------------
0
203
0.0368636
0.00156544
0.00122879
0.00114666
----------------
1
203
0.0386731
0.00186841
0.0012891
0.00114696
----------------
0
204
0.0378935
0.00181066
0.00126312
0.00114728
----------------
1
204
0.0365813
0.00177565
0.00121938
0.00114649
----------------
0
205
0.0384564
0.00153673
0.00128188
0.00114684
----------------
1
205
0.0376206
0.00169919
0.00125402
0.00114747
----------------
0
206
0.0362083
0.00139833
0.00120694
0.00114689
----------------
1
206
0.0388858
0.00230361
0.00129619
0.00114686
----------------
0
207
0.0412018
0.00292347
0.00137339
0.00114693
----------------
1
207
0.0413733
0.00186499
0.00137911
0.00115077
----------------
0
208
0.0378963
0.00184985
0.00126321
0.00114685
----------------
1
208
0.0377691
0.00163824
0.00125897
0.00114655
----------------
0
209
0.037841
0.00173571
0.00126137
0.00114689
----------------
1
209
0.0370029
0.00162614
0.00123343
0.00114914
----------------
0
210
0.0377654
0.00180755
0.00125885
0.00114433
----------------
1
210
0.0363774
0.00153107
0.00121258
0.00114599
----------------
0
211
0.0362497
0.00145233
0.00120832
0.00114555
----------------
1
211
0.039069
0.00180707
0.0013023
0.00114846
----------------
0
212
0.0415053
0.00207485
0.00138351
0.00114682
----------------
1
212
0.0379643
0.00192493
0.00126548
0.00114691
----------------
0
213
0.0385312
0.00191476
0.00128437
0.0011473
----------------
1
213
0.0382415
0.00184284
0.00127472
0.00114753
----------------
0
214
0.0373032
0.00151479
0.00124344
0.00114721
----------------
1
214
0.0369059
0.00155901
0.0012302
0.0011471
----------------
0
215
0.0364966
0.0016856
0.00121655
0.00114489
----------------
1
215
0.037811
0.00184947
0.00126037
0.00114687
----------------
0
216
0.0384859
0.0017355
0.00128286
0.00114696
----------------
1
216
0.0388012
0.00182111
0.00129337
0.00114717
----------------
0
217
0.0391347
0.00171291
0.00130449
0.00114708
----------------
1
217
0.0360703
0.0014234
0.00120234
0.00114712
----------------
0
218
0.039335
0.00184838
0.00131117
0.00114698
----------------
1
218
0.0377307
0.00164539
0.00125769
0.00114791
----------------
0
219
0.0396615
0.00189465
0.00132205
0.00114711
----------------
1
219
0.0385157
0.00186932
0.00128386
0.00114698
----------------
0
220
0.0387694
0.00184614
0.00129231
0.00114716
----------------
1
220
0.0405636
0.00192604
0.00135212
0.00114704
----------------
0
221
0.0389071
0.00187037
0.0012969
0.00114755
----------------
1
221
0.0364277
0.00157677
0.00121426
0.00114631
----------------
0
222
0.0371429
0.0016071
0.0012381
0.00114685
----------------
1
222
0.0375804
0.00172568
0.00125268
0.00114737
----------------
0
223
0.0394015
0.001821
0.00131338
0.00114914
----------------
1
223
0.0385306
0.00196998
0.00128435
0.0011457
----------------
0
224
0.0370065
0.00141386
0.00123355
0.00114703
----------------
1
224
0.0395973
0.00212886
0.00131991
0.00114686
----------------
0
225
0.0392345
0.00180636
0.00130782
0.00114703
----------------
1
225
0.0376321
0.0018022
0.0012544
0.0011469
----------------
0
226
0.0372449
0.00187529
0.0012415
0.00114714
----------------
1
226
0.0373489
0.00180579
0.00124496
0.00114634
----------------
0
227
0.036613
0.00179503
0.00122043
0.00114687
----------------
1
227
0.0369181
0.00180834
0.0012306
0.00114915
----------------
0
228
0.0371511
0.00162996
0.00123837
0.00114702
----------------
1
228
0.0372985
0.00161406
0.00124328
0.00114687
----------------
0
229
0.0395456
0.00190799
0.00131819
0.00114438
----------------
1
229
0.0390886
0.00180383
0.00130295
0.00114643
----------------
0
230
0.0372118
0.00155596
0.00124039
0.00114693
----------------
1
230
0.0362173
0.00145903
0.00120724
0.00114703
----------------
0
231
0.037348
0.00190023
0.00124493
0.0011467
----------------
1
231
0.0366216
0.001627
0.00122072
0.00114481
----------------
0
232
0.0373282
0.00159575
0.00124427
0.00114695
----------------
1
232
0.0389311
0.00225504
0.0012977
0.00114714
----------------
0
233
0.0367766
0.00178169
0.00122589
0.00114697
----------------
1
233
0.0371127
0.00156861
0.00123709
0.00114842
----------------
0
234
0.0380029
0.00183759
0.00126676
0.00114675
----------------
1
234
0.0386674
0.00180697
0.00128891
0.00114645
----------------
0
235
0.0392128
0.00180772
0.00130709
0.00114797
----------------
1
235
0.0387274
0.00186877
0.00129091
0.00114685
----------------
0
236
0.0386552
0.00180652
0.00128851
0.00114544
----------------
1
236
0.0392869
0.00228649
0.00130956
0.00114745
----------------
0
237
0.0392686
0.001866
0.00130895
0.00114524
----------------
1
237
0.0395027
0.00186995
0.00131676
0.00114693
----------------
0
238
0.0398781
0.00187181
0.00132927
0.00115185
----------------
1
238
0.0378974
0.00185206
0.00126325
0.00114673
----------------
0
239
0.0372995
0.00183639
0.00124332
0.00114667
----------------
1
239
0.0372485
0.00181704
0.00124162
0.0011469
----------------
0
240
0.0374064
0.00152255
0.00124688
0.00114691
----------------
1
240
0.037013
0.00164512
0.00123377
0.00114855
----------------
0
241
0.0379693
0.00168786
0.00126564
0.00114733
----------------
1
241
0.0379607
0.00180165
0.00126536
0.00114693
----------------
0
242
0.0377143
0.00156834
0.00125714
0.001147
----------------
1
242
0.0400058
0.00187025
0.00133353
0.00115059
----------------
0
243
0.0392881
0.00215463
0.0013096
0.00114703
----------------
1
243
0.0376214
0.00171301
0.00125405
0.00114681
----------------
0
244
0.0368891
0.00175857
0.00122964
0.00114704
----------------
1
244
0.0398242
0.00203587
0.00132747
0.00114659
----------------
0
245
0.0387992
0.00179386
0.00129331
0.00114676
----------------
1
245
0.0390553
0.00186691
0.00130184
0.00114696
----------------
0
246
0.0368264
0.00167103
0.00122755
0.00114695
----------------
1
246
0.0369236
0.0017703
0.00123079
0.00114908
----------------
0
247
0.0375357
0.00179007
0.00125119
0.00114706
----------------
1
247
0.0368071
0.00155534
0.0012269
0.00114785
----------------
0
248
0.0388841
0.00179152
0.00129614
0.00114743
----------------
1
248
0.0389816
0.00184471
0.00129939
0.00114699
----------------
0
249
0.0378651
0.00175599
0.00126217
0.00114704
----------------
1
249
0.0372704
0.00187203
0.00124235
0.00114693
----------------
0
250
0.0373347
0.00160117
0.00124449
0.00114917
----------------
1
250
0.0386128
0.00173928
0.00128709
0.00114681
----------------
0
251
0.0400006
0.00190745
0.00133335
0.00114567
----------------
1
251
0.0373974
0.00149079
0.00124658
0.001146
----------------
0
252
0.0385571
0.00178654
0.00128524
0.00114675
----------------
1
252
0.038748
0.00207716
0.0012916
0.00114863
----------------
0
253
0.0394789
0.0018695
0.00131596
0.00114686
----------------
1
253
0.0406304
0.00188019
0.00135435
0.00114688
----------------
0
254
0.0375216
0.00167296
0.00125072
0.00114694
----------------
1
254
0.0362989
0.00140667
0.00120996
0.0011469
----------------
0
255
0.0377335
0.00185025
0.00125778
0.00114704
----------------
1
255
0.0371071
0.00161479
0.0012369
0.00114678
----------------
0
256
0.0380255
0.00170882
0.00126752
0.00114672
----------------
1
256
0.0379137
0.00157946
0.00126379
0.0011463
----------------
0
257
0.0384887
0.00163383
0.00128296
0.00114673
----------------
1
257
0.0398382
0.00186386
0.00132794
0.00114688
----------------
0
258
0.0372599
0.00148993
0.001242
0.00114691
----------------
1
258
0.037277
0.00159055
0.00124257
0.00114697
----------------
0
259
0.0385016
0.00171992
0.00128339
0.00114609
----------------
1
259
0.0370526
0.00162553
0.00123509
0.00114695
----------------
0
260
0.0365646
0.00142913
0.00121882
0.00114627
----------------
1
260
0.0375286
0.00180362
0.00125095
0.001147
----------------
0
261
0.037484
0.00182634
0.00124947
0.00114693
----------------
1
261
0.037244
0.00180486
0.00124147
0.00114741
----------------
0
262
0.0391473
0.00181133
0.00130491
0.00114822
----------------
1
262
0.0386192
0.00172824
0.00128731
0.00115149
----------------
0
263
0.0376878
0.00187235
0.00125626
0.00114635
----------------
1
263
0.0379627
0.00154055
0.00126542
0.00114711
----------------
0
264
0.0383027
0.00173347
0.00127676
0.00114967
----------------
1
264
0.0411742
0.00186853
0.00137247
0.00114922
----------------
0
265
0.0377243
0.00174027
0.00125748
0.00114696
----------------
1
265
0.0376278
0.001871
0.00125426
0.00114685
----------------
0
266
0.0372826
0.00158781
0.00124275
0.00114706
----------------
1
266
0.0369538
0.00147095
0.00123179
0.00114696
----------------
0
267
0.0369305
0.00159807
0.00123102
0.00114924
----------------
1
267
0.0366952
0.00155638
0.00122317
0.00114911
----------------
0
268
0.0397039
0.00284175
0.00132346
0.00114745
----------------
1
268
0.039446
0.00187
0.00131487
0.00114666
----------------
0
269
0.0379477
0.00186866
0.00126492
0.00114787
----------------
1
269
0.0371446
0.00156972
0.00123815
0.00114783
----------------
0
270
0.0379816
0.00181382
0.00126605
0.00114734
----------------
1
270
0.0400703
0.0027206
0.00133568
0.00114712
----------------
0
271
0.0381641
0.00182411
0.00127214
0.0011472
----------------
1
271
0.0375765
0.00170367
0.00125255
0.00114657
----------------
0
272
0.0379879
0.00157866
0.00126626
0.00114834
----------------
1
272
0.0392703
0.00186326
0.00130901
0.0011483
----------------
0
273
0.0385535
0.00174215
0.00128512
0.00114697
----------------
1
273
0.0392799
0.0018658
0.00130933
0.00114698
----------------
0
274
0.0379293
0.00199529
0.00126431
0.00114715
----------------
1
274
0.037163
0.00155416
0.00123877
0.00114705
----------------
0
275
0.0387528
0.00188126
0.00129176
0.00114713
----------------
1
275
0.0373014
0.00157576
0.00124338
0.00114693
----------------
0
276
0.038742
0.00180999
0.0012914
0.00114685
----------------
1
276
0.0367201
0.00187083
0.001224
0.00114705
----------------
0
277
0.0387497
0.0018044
0.00129166
0.00114699
----------------
1
277
0.0394068
0.001863
0.00131356
0.001147
----------------
0
278
0.0375527
0.00166081
0.00125176
0.00114697
----------------
1
278
0.0365895
0.0016065
0.00121965
0.00114704
----------------
0
279
0.0385415
0.00173902
0.00128472
0.00114689
----------------
1
279
0.0377156
0.00178586
0.00125719
0.00114677
----------------
0
280
0.0373443
0.00167373
0.00124481
0.00114717
----------------
1
280
0.0374162
0.00146403
0.00124721
0.00114916
----------------
0
281
0.0383689
0.00180737
0.00127896
0.00114696
----------------
1
281
0.0393026
0.00180757
0.00131009
0.00114675
----------------
0
282
0.0373059
0.00153932
0.00124353
0.00114648
----------------
1
282
0.0384849
0.00186896
0.00128283
0.00114685
----------------
0
283
0.0374695
0.00172232
0.00124898
0.00114701
----------------
1
283
0.0368885
0.00156096
0.00122962
0.00114669
----------------
0
284
0.0372859
0.00171293
0.00124286
0.0011471
----------------
1
284
0.0370294
0.00168797
0.00123431
0.00114809
----------------
0
285
0.0392643
0.00186652
0.00130881
0.00114693
----------------
1
285
0.0403968
0.00233806
0.00134656
0.00114689
----------------
0
286
0.0371879
0.00160577
0.0012396
0.00114702
----------------
1
286
0.0392493
0.00180472
0.00130831
0.0011468
----------------
0
287
0.0374997
0.00158131
0.00124999
0.00114708
----------------
1
287
0.0362273
0.00140093
0.00120758
0.00114663
----------------
0
288
0.0376621
0.00158619
0.0012554
0.00114699
----------------
1
288
0.0370886
0.00161034
0.00123629
0.00114784
----------------
0
289
0.0385018
0.00197842
0.00128339
0.00114968
----------------
1
289
0.0403823
0.00238772
0.00134608
0.00114733
----------------
0
290
0.0405408
0.00277091
0.00135136
0.00114687
----------------
1
290
0.0388043
0.00176749
0.00129348
0.00114709
----------------
0
291
0.0385474
0.00176059
0.00128491
0.00115109
----------------
1
291
0.0366757
0.00141071
0.00122252
0.00114649
----------------
0
292
0.0376056
0.00186694
0.00125352
0.00114698
----------------
1
292
0.0372718
0.00161421
0.00124239
0.00114757
----------------
0
293
0.0381702
0.00186963
0.00127234
0.00114773
----------------
1
293
0.0383085
0.00186783
0.00127695
0.00114721
----------------
0
294
0.039841
0.00187191
0.00132803
0.00114728
----------------
1
294
0.0406267
0.0021962
0.00135422
0.00114705
----------------
0
295
0.0381473
0.00177511
0.00127158
0.00114684
----------------
1
295
0.0362207
0.00142882
0.00120736
0.00114731
----------------
0
296
0.0366491
0.0016353
0.00122164
0.00114703
----------------
1
296
0.0373077
0.00187392
0.00124359
0.0011488
----------------
0
297
0.0376669
0.00180799
0.00125556
0.00114801
----------------
1
297
0.0394983
0.00261119
0.00131661
0.00114722
----------------
0
298
0.0391345
0.00197868
0.00130448
0.00114686
----------------
1
298
0.0395117
0.00179128
0.00131706
0.00114685
----------------
0
299
0.0382235
0.00171903
0.00127412
0.00114823
----------------
1
299
0.0381387
0.00180769
0.00127129
0.00114654
----------------
0
300
0.0376985
0.00201403
0.00125662
0.00114873
----------------
1
300
0.0376925
0.00180952
0.00125642
0.00114689
----------------
0
301
0.038253
0.00175665
0.0012751
0.00114808
----------------
1
301
0.0370419
0.00180298
0.00123473
0.00114632
----------------
0
302
0.0380296
0.00177515
0.00126765
0.001147
----------------
1
302
0.0384866
0.00185773
0.00128289
0.00114847
----------------
0
303
0.0368627
0.00180901
0.00122876
0.00114691
----------------
1
303
0.038642
0.00183039
0.00128807
0.00114909
----------------
0
304
0.0373155
0.00182876
0.00124385
0.00114878
----------------
1
304
0.0377238
0.00148578
0.00125746
0.00114914
----------------
0
305
0.0388542
0.00183854
0.00129514
0.00114714
----------------
1
305
0.0400383
0.00186937
0.00133461
0.0011468
----------------
0
306
0.0373691
0.00170893
0.00124564
0.00114694
----------------
1
306
0.0365259
0.00152341
0.00121753
0.00114687
----------------
0
307
0.0377332
0.00172012
0.00125777
0.0011494
----------------
1
307
0.0374166
0.0015897
0.00124722
0.00114694
----------------
0
308
0.0377348
0.00158256
0.00125783
0.00114895
----------------
1
308
0.038693
0.00200832
0.00128977
0.00114688
----------------
0
309
0.0391889
0.00191106
0.0013063
0.00114509
----------------
1
309
0.0404146
0.00197494
0.00134715
0.00114702
----------------
0
310
0.0368685
0.00147568
0.00122895
0.00114686
----------------
1
310
0.0382988
0.00186958
0.00127663
0.00114685
----------------
0
311
0.0382918
0.00180401
0.00127639
0.00114744
----------------
1
311
0.0373768
0.00167383
0.00124589
0.00114675
----------------
0
312
0.0385465
0.00185466
0.00128488
0.00114596
----------------
1
312
0.0372155
0.00165653
0.00124052
0.00114772
----------------
0
313
0.037976
0.00186475
0.00126587
0.00114697
----------------
1
313
0.0375604
0.00167598
0.00125201
0.00114679
----------------
0
314
0.0385896
0.00181054
0.00128632
0.00114694
----------------
1
314
0.0394268
0.00186517
0.00131423
0.00114881
----------------
0
315
0.0387792
0.001866
0.00129264
0.00114661
----------------
1
315
0.0396416
0.00217765
0.00132139
0.00114907
----------------
0
316
0.0385403
0.00175827
0.00128468
0.00114716
----------------
1
316
0.0400149
0.00186779
0.00133383
0.00114693
----------------
0
317
0.0371474
0.0016269
0.00123825
0.00114728
----------------
1
317
0.0384185
0.00185785
0.00128062
0.00114666
----------------
0
318
0.0369347
0.00174368
0.00123116
0.00114699
----------------
1
318
0.038378
0.00186678
0.00127927
0.00114685
----------------
0
319
0.0364955
0.00144172
0.00121652
0.00114658
----------------
1
319
0.037182
0.00159602
0.0012394
0.00114719
----------------
0
320
0.0365122
0.00159825
0.00121707
0.0011458
----------------
1
320
0.0375194
0.00182196
0.00125065
0.00114633
----------------
0
321
0.0380403
0.00187098
0.00126801
0.00114692
----------------
1
321
0.0393352
0.00183162
0.00131117
0.00114687
----------------
0
322
0.0385129
0.00187134
0.00128376
0.0011465
----------------
1
322
0.0375542
0.00155183
0.00125181
0.00114656
----------------
0
323
0.0383682
0.00171429
0.00127894
0.00114702
----------------
1
323
0.0403496
0.00187012
0.00134499
0.00114936
----------------
0
324
0.0395294
0.00187187
0.00131765
0.00114667
----------------
1
324
0.0383642
0.00161087
0.00127881
0.00114634
----------------
0
325
0.0367191
0.00156225
0.00122397
0.00114818
----------------
1
325
0.0371192
0.00167408
0.00123731
0.00114702
----------------
0
326
0.0366777
0.00142623
0.00122259
0.00115049
----------------
1
326
0.0369208
0.00180837
0.00123069
0.00114696
----------------
0
327
0.0366883
0.00150877
0.00122294
0.001147
----------------
1
327
0.03834
0.00194161
0.001278
0.00114727
----------------
0
328
0.0399888
0.00226687
0.00133296
0.001145
----------------
1
328
0.040879
0.00204397
0.00136263
0.00114695
----------------
0
329
0.0374023
0.00151138
0.00124674
0.0011473
----------------
1
329
0.0358144
0.00128458
0.00119381
0.00114701
----------------
0
330
0.0382391
0.00173471
0.00127464
0.00114726
----------------
1
330
0.0370312
0.00172813
0.00123437
0.00114707
----------------
0
331
0.0377671
0.00186322
0.0012589
0.00114685
----------------
1
331
0.0394043
0.00259358
0.00131348
0.00114694
----------------
0
332
0.0376052
0.00171173
0.00125351
0.0011471
----------------
1
332
0.0403309
0.00205102
0.00134436
0.00114731
----------------
0
333
0.0393404
0.0018636
0.00131135
0.00114698
----------------
1
333
0.0362249
0.00145285
0.0012075
0.00114663
----------------
0
334
0.0383539
0.00186741
0.00127846
0.0011485
----------------
1
334
0.0374881
0.00159842
0.0012496
0.00114691
----------------
0
335
0.0394352
0.00185677
0.00131451
0.00114899
----------------
1
335
0.0383461
0.00190182
0.0012782
0.00114801
----------------
0
336
0.0382223
0.00186881
0.00127408
0.0011467
----------------
1
336
0.0393061
0.00186614
0.0013102
0.00114731
----------------
0
337
0.0406345
0.00187066
0.00135448
0.00114557
----------------
1
337
0.0372809
0.00159689
0.0012427
0.00114634
----------------
0
338
0.0382504
0.00189804
0.00127501
0.0011494
----------------
1
338
0.0379257
0.00175047
0.00126419
0.00114689
----------------
0
339
0.0377261
0.00186776
0.00125754
0.00114664
----------------
1
339
0.0367442
0.00156387
0.00122481
0.00114708
----------------
0
340
0.0377959
0.00187151
0.00125986
0.00114703
----------------
1
340
0.0374833
0.00172645
0.00124944
0.00114693
----------------
0
341
0.0387132
0.00178064
0.00129044
0.00114769
----------------
1
341
0.0376041
0.00164889
0.00125347
0.00114704
----------------
0
342
0.0376091
0.00174531
0.00125364
0.00114619
----------------
1
342
0.0369693
0.00152887
0.00123231
0.00114701
----------------
0
343
0.0369842
0.00150197
0.00123281
0.00114722
----------------
1
343
0.037385
0.00176452
0.00124617
0.00114694
----------------
0
344
0.0376877
0.00178263
0.00125626
0.00114703
----------------
1
344
0.0391397
0.00186873
0.00130466
0.00114685
----------------
0
345
0.0390189
0.00172935
0.00130063
0.00114902
----------------
1
345
0.039304
0.00175138
0.00131013
0.00114708
----------------
0
346
0.0386836
0.00187038
0.00128945
0.00114716
----------------
1
346
0.036717
0.0016533
0.0012239
0.00114718
----------------
0
347
0.0384613
0.00161675
0.00128204
0.00114697
----------------
1
347
0.0370886
0.00174366
0.00123629
0.00114639
----------------
0
348
0.0376952
0.00180559
0.00125651
0.00114684
----------------
1
348
0.0391172
0.0022378
0.00130391
0.0011487
----------------
0
349
0.0381221
0.00217935
0.00127074
0.00114689
----------------
1
349
0.0394609
0.00166007
0.00131536
0.00114674
----------------
0
350
0.0395399
0.00169532
0.001318
0.00114719
----------------
1
350
0.0364239
0.00150827
0.00121413
0.00114672
----------------
0
351
0.0380639
0.00201836
0.0012688
0.00114931
----------------
1
351
0.0374292
0.00186627
0.00124764
0.00114692
----------------
0
352
0.0385969
0.00164125
0.00128656
0.00114684
----------------
1
352
0.0382459
0.00178473
0.00127486
0.00114695
----------------
0
353
0.0387713
0.00183585
0.00129238
0.00114664
----------------
1
353
0.0409194
0.00241738
0.00136398
0.00114697
