----------------
0
1
0.0394507
0.00199786
0.00131502
0.00114813
----------------
1
1
0.0389807
0.00278525
0.00129936
0.00114692
----------------
0
2
0.0372993
0.00183401
0.00124331
0.0011466
----------------
1
2
0.0365345
0.00153268
0.00121782
0.00114791
----------------
0
3
0.0399209
0.00222426
0.0013307
0.00114694
----------------
1
3
0.0398692
0.00209678
0.00132897
0.00114774
----------------
0
4
0.0381249
0.00164121
0.00127083
0.00114615
----------------
1
4
0.0363392
0.00143021
0.00121131
0.00114696
----------------
0
5
0.0400513
0.00225889
0.00133504
0.00114665
----------------
1
5
0.0370672
0.00201238
0.00123557
0.00114722
----------------
0
6
0.038585
0.00276009
0.00128617
0.0011465
----------------
1
6
0.039203
0.00191229
0.00130677
0.00114739
----------------
0
7
0.0400344
0.00256239
0.00133448
0.00114684
----------------
1
7
0.0406567
0.00259967
0.00135522
0.00114776
----------------
0
8
0.0374082
0.00152783
0.00124694
0.00114666
----------------
1
8
0.0385984
0.00303152
0.00128661
0.00114727
----------------
0
9
0.0394769
0.0023934
0.0013159
0.0011466
----------------
1
9
0.0376959
0.00159688
0.00125653
0.00114712
----------------
0
10
0.0387198
0.00206351
0.00129066
0.00114903
----------------
1
10
0.0366163
0.00158094
0.00122054
0.00114706
----------------
0
11
0.038478
0.0016344
0.0012826
0.00114691
----------------
1
11
0.0391628
0.00215376
0.00130543
0.00114691
----------------
0
12
0.0406996
0.00197179
0.00135665
0.00114712
----------------
1
12
0.0376335
0.00162515
0.00125445
0.00114708
----------------
0
13
0.0370696
0.00154311
0.00123565
0.00114909
----------------
1
13
0.0372732
0.00163868
0.00124244
0.00114686
----------------
0
14
0.0378728
0.00189816
0.00126243
0.00114882
----------------
1
14
0.0367384
0.00160096
0.00122461
0.00114705
----------------
0
15
0.0386881
0.00201168
0.0012896
0.00114699
----------------
1
15
0.0390157
0.00243889
0.00130052
0.00114802
----------------
0
16
0.0380216
0.00192622
0.00126739
0.00114837
----------------
1
16
0.0401172
0.00215715
0.00133724
0.00114688
----------------
0
17
0.0371213
0.00176814
0.00123738
0.00114679
----------------
1
17
0.0368349
0.00174791
0.00122783
0.00114862
----------------
0
18
0.038745
0.00170256
0.0012915
0.00114668
----------------
1
18
0.037055
0.00156006
0.00123517
0.00114923
----------------
0
19
0.0396048
0.00261019
0.00132016
0.0011489
----------------
1
19
0.0392083
0.00177032
0.00130694
0.00114721
----------------
0
20
0.0391057
0.00256944
0.00130352
0.00114693
----------------
1
20
0.0403745
0.00243111
0.00134582
0.00114787
----------------
0
21
0.0383315
0.00158116
0.00127772
0.00114652
----------------
1
21
0.0377742
0.0018855
0.00125914
0.00114919
----------------
0
22
0.0380281
0.00186942
0.0012676
0.00114693
----------------
1
22
0.0370493
0.00178021
0.00123498
0.00114692
----------------
0
23
0.037315
0.00150639
0.00124383
0.00114891
----------------
1
23
0.0376517
0.00218767
0.00125506
0.00114668
----------------
0
24
0.0363271
0.00159919
0.00121091
0.0011469
----------------
1
24
0.0412699
0.00253266
0.00137566
0.00114939
----------------
0
25
0.0386705
0.00166249
0.00128902
0.00114693
----------------
1
25
0.0385702
0.00176373
0.00128567
0.00114839
----------------
0
26
0.0392546
0.00299406
0.00130849
0.00114658
----------------
1
26
0.0400662
0.00214961
0.00133554
0.0011477
----------------
0
27
0.0374068
0.00172162
0.00124689
0.00114694
----------------
1
27
0.0403562
0.00282706
0.00134521
0.00114736
----------------
0
28
0.0385398
0.0020077
0.00128466
0.00114704
----------------
1
28
0.0362722
0.00140246
0.00120907
0.00114669
----------------
0
29
0.0378429
0.00177696
0.00126143
0.00114694
----------------
1
29
0.0383835
0.00222867
0.00127945
0.00114899
----------------
0
30
0.0397502
0.002819
0.00132501
0.00114712
----------------
1
30
0.0380663
0.00157305
0.00126888
0.00114872
----------------
0
31
0.0387651
0.00173695
0.00129217
0.00114709
----------------
1
31
0.0406325
0.00304203
0.00135442
0.00114731
----------------
0
32
0.0380619
0.00155254
0.00126873
0.00114742
----------------
1
32
0.036475
0.00157395
0.00121583
0.00114701
----------------
0
33
0.0369355
0.00158252
0.00123118
0.001147
----------------
1
33
0.0368254
0.00148719
0.00122751
0.00114895
----------------
0
34
0.0415634
0.00304361
0.00138545
0.00114662
----------------
1
34
0.0377136
0.00153801
0.00125712
0.00114643
----------------
0
35
0.0378745
0.00191496
0.00126248
0.00115054
----------------
1
35
0.037522
0.00168162
0.00125073
0.00114194
----------------
0
36
0.0390439
0.00251908
0.00130146
0.0011469
----------------
1
36
0.0381673
0.00227439
0.00127224
0.00114811
----------------
0
37
0.0383735
0.00172853
0.00127912
0.00114687
----------------
1
37
0.0397818
0.00304019
0.00132606
0.00114681
----------------
0
38
0.0388505
0.00170381
0.00129502
0.00114658
----------------
1
38
0.0386639
0.0023168
0.0012888
0.00114728
----------------
0
39
0.037581
0.00206743
0.0012527
0.00114693
----------------
1
39
0.0401051
0.00208537
0.00133684
0.00114694
----------------
0
40
0.0382047
0.00207181
0.00127349
0.00114692
----------------
1
40
0.0395133
0.00221394
0.00131711
0.00114691
----------------
0
41
0.0395823
0.00317132
0.00131941
0.00114806
----------------
1
41
0.0371021
0.00174505
0.00123674
0.0011469
----------------
0
42
0.0378313
0.00193239
0.00126104
0.00114699
----------------
1
42
0.0373862
0.00162527
0.00124621
0.0011492
----------------
0
43
0.0365989
0.00154691
0.00121996
0.00114699
----------------
1
43
0.037175
0.00192067
0.00123917
0.00114699
----------------
0
44
0.0405985
0.00244791
0.00135328
0.00114948
----------------
1
44
0.0387149
0.00199333
0.0012905
0.00114482
----------------
0
45
0.0382525
0.00158087
0.00127508
0.00114812
----------------
1
45
0.0386122
0.00179802
0.00128707
0.00114664
----------------
0
46
0.039562
0.00198443
0.00131873
0.00114717
----------------
1
46
0.0428129
0.00303922
0.0014271
0.00114547
----------------
0
47
0.0374081
0.00174867
0.00124694
0.00114772
----------------
1
47
0.038529
0.00203666
0.0012843
0.00114884
----------------
0
48
0.038498
0.00228988
0.00128327
0.00114724
----------------
1
48
0.0374126
0.00222633
0.00124709
0.00114762
----------------
0
49
0.0390406
0.00181778
0.00130135
0.00114695
----------------
1
49
0.0368035
0.00161779
0.00122678
0.00114891
----------------
0
50
0.0361491
0.00164047
0.00120497
0.001147
----------------
1
50
0.0373865
0.00240956
0.00124622
0.00114698
----------------
0
51
0.040256
0.0020333
0.00134187
0.00114694
----------------
1
51
0.0399362
0.00189307
0.00133121
0.00114937
----------------
0
52
0.037052
0.00153027
0.00123507
0.00114668
----------------
1
52
0.0368256
0.00166269
0.00122752
0.00114722
----------------
0
53
0.0392013
0.00177076
0.00130671
0.00114643
----------------
1
53
0.0378649
0.00181353
0.00126216
0.00114946
----------------
0
54
0.0380379
0.00163282
0.00126793
0.0011474
----------------
1
54
0.0377387
0.00152026
0.00125796
0.00114948
----------------
0
55
0.0389481
0.00214862
0.00129827
0.00114692
----------------
1
55
0.0403933
0.00226263
0.00134644
0.0011482
----------------
0
56
0.0375866
0.00181476
0.00125289
0.00114686
----------------
1
56
0.0366219
0.00155841
0.00122073
0.00114715
----------------
0
57
0.036695
0.0015984
0.00122317
0.00114679
----------------
1
57
0.03685
0.00159484
0.00122833
0.00114802
----------------
0
58
0.0382673
0.0016852
0.00127558
0.00114894
----------------
1
58
0.0381944
0.00198679
0.00127315
0.00114855
----------------
0
59
0.039201
0.00244218
0.0013067
0.00114685
----------------
1
59
0.0379307
0.00185892
0.00126436
0.00114945
----------------
0
60
0.0394133
0.00270871
0.00131378
0.00114705
----------------
1
60
0.0367232
0.00151763
0.00122411
0.00114695
----------------
0
61
0.0408924
0.00299715
0.00136308
0.00114834
----------------
1
61
0.0384362
0.00171093
0.00128121
0.00114804
----------------
0
62
0.0392399
0.00269863
0.001308
0.00114724
----------------
1
62
0.0366021
0.00143624
0.00122007
0.00114686
----------------
0
63
0.0372664
0.00167713
0.00124221
0.00114672
----------------
1
63
0.037296
0.00174022
0.0012432
0.00114753
----------------
0
64
0.0392922
0.00226926
0.00130974
0.00114678
----------------
1
64
0.0379504
0.00174145
0.00126501
0.0011521
----------------
0
65
0.0390902
0.00182121
0.00130301
0.00114854
----------------
1
65
0.0427153
0.00285502
0.00142384
0.00114968
----------------
0
66
0.0393575
0.00181936
0.00131192
0.00114751
----------------
1
66
0.0394503
0.00282522
0.00131501
0.00114664
----------------
0
67
0.039039
0.00231749
0.0013013
0.00114734
----------------
1
67
0.0376769
0.00181846
0.0012559
0.00114698
----------------
0
68
0.0395922
0.00276148
0.00131974
0.00114984
----------------
1
68
0.0371126
0.00152257
0.00123709
0.00114766
----------------
0
69
0.0366797
0.00201883
0.00122266
0.00114586
----------------
1
69
0.0391219
0.00232368
0.00130406
0.00114813
----------------
0
70
0.0395605
0.0022171
0.00131868
0.00114858
----------------
1
70
0.0395852
0.0027525
0.00131951
0.0011493
----------------
0
71
0.0380267
0.00185722
0.00126756
0.00114648
----------------
1
71
0.0377842
0.00147076
0.00125947
0.00114588
----------------
0
72
0.0390023
0.00234077
0.00130008
0.00114697
----------------
1
72
0.0388734
0.00180596
0.00129578
0.00114705
----------------
0
73
0.0370191
0.00174741
0.00123397
0.00114695
----------------
1
73
0.0371405
0.00160558
0.00123802
0.00114739
----------------
0
74
0.0380062
0.00178611
0.00126687
0.0011479
----------------
1
74
0.03805
0.0020689
0.00126833
0.00114699
----------------
0
75
0.0360482
0.00140471
0.00120161
0.001148
----------------
1
75
0.0377638
0.00203508
0.00125879
0.00114689
----------------
0
76
0.0384515
0.00175647
0.00128172
0.00114721
----------------
1
76
0.0380852
0.00177048
0.00126951
0.00114857
----------------
0
77
0.038933
0.00191656
0.00129777
0.00114707
----------------
1
77
0.0378716
0.00177038
0.00126239
0.0011468
----------------
0
78
0.0377103
0.00186871
0.00125701
0.00114686
----------------
1
78
0.0379171
0.0019243
0.0012639
0.00115006
----------------
0
79
0.0382419
0.00170525
0.00127473
0.00114807
----------------
1
79
0.039977
0.00246986
0.00133257
0.00114694
----------------
0
80
0.0413663
0.00222091
0.00137888
0.00114943
----------------
1
80
0.0372312
0.00157526
0.00124104
0.00114697
----------------
0
81
0.0369643
0.00154542
0.00123214
0.0011472
----------------
1
81
0.0369165
0.00148028
0.00123055
0.00114687
----------------
0
82
0.036882
0.00158735
0.0012294
0.00114694
----------------
1
82
0.0370547
0.00159925
0.00123516
0.00114711
----------------
0
83
0.0382039
0.00201202
0.00127346
0.00115227
----------------
1
83
0.0406111
0.00257697
0.0013537
0.00114934
----------------
0
84
0.0375012
0.00185764
0.00125004
0.00114702
----------------
1
84
0.040395
0.00303213
0.0013465
0.00114687
----------------
0
85
0.0385968
0.00182434
0.00128656
0.00114816
----------------
1
85
0.0370546
0.00153069
0.00123515
0.00114759
----------------
0
86
0.038012
0.00197677
0.00126707
0.00114696
----------------
1
86
0.0372327
0.00158519
0.00124109
0.00114761
----------------
0
87
0.0360331
0.00146415
0.0012011
0.00114696
----------------
1
87
0.0371909
0.00195327
0.0012397
0.00114692
----------------
0
88
0.0381395
0.00180896
0.00127132
0.00114702
----------------
1
88
0.0394467
0.00174104
0.00131489
0.0011463
----------------
0
89
0.0407701
0.00304397
0.001359
0.0011491
----------------
1
89
0.0370171
0.00146877
0.0012339
0.00114689
----------------
0
90
0.0374983
0.00167255
0.00124994
0.00114724
----------------
1
90
0.0423995
0.00304026
0.00141332
0.00114863
----------------
0
91
0.03658
0.00143076
0.00121933
0.00114669
----------------
1
91
0.0398599
0.00180102
0.00132866
0.00114694
----------------
0
92
0.0375408
0.00177696
0.00125136
0.00114697
----------------
1
92
0.0361942
0.0013615
0.00120647
0.00114546
----------------
0
93
0.0397963
0.00218916
0.00132654
0.00114691
----------------
1
93
0.0370841
0.00158796
0.00123614
0.00114792
----------------
0
94
0.0372263
0.00195456
0.00124088
0.00114933
----------------
1
94
0.0381972
0.00194071
0.00127324
0.00114685
----------------
0
95
0.0397422
0.00207452
0.00132474
0.00114867
----------------
1
95
0.0393949
0.00195459
0.00131316
0.001147
----------------
0
96
0.0381899
0.00214241
0.001273
0.00114685
----------------
1
96
0.0358832
0.00132168
0.00119611
0.00114687
----------------
0
97
0.038381
0.00206379
0.00127937
0.00114676
----------------
1
97
0.0372549
0.00164469
0.00124183
0.00114918
----------------
0
98
0.0375958
0.0017926
0.00125319
0.00114911
----------------
1
98
0.0391059
0.00165084
0.00130353
0.00114724
----------------
0
99
0.039692
0.00233621
0.00132307
0.00114706
----------------
1
99
0.0417694
0.00219221
0.00139231
0.00114692
----------------
0
100
0.0383176
0.00157699
0.00127725
0.00114682
----------------
1
100
0.0368006
0.00157046
0.00122669
0.00114735
----------------
0
101
0.0379195
0.00187976
0.00126398
0.00114733
----------------
1
101
0.0363315
0.00133123
0.00121105
0.00114662
----------------
0
102
0.0368646
0.00149243
0.00122882
0.00114909
----------------
1
102
0.0390087
0.00204563
0.00130029
0.0011468
----------------
0
103
0.036999
0.00151399
0.0012333
0.00114809
----------------
1
103
0.0368665
0.00158807
0.00122888
0.00114884
----------------
0
104
0.0361764
0.00158551
0.00120588
0.00114741
----------------
1
104
0.0373283
0.00190346
0.00124428
0.00114688
----------------
0
105
0.0383793
0.00186021
0.00127931
0.00114699
----------------
1
105
0.0385754
0.00216984
0.00128585
0.00114709
----------------
0
106
0.0376226
0.0018141
0.00125409
0.00114693
----------------
1
106
0.0367938
0.00165298
0.00122646
0.00114767
----------------
0
107
0.0375559
0.00154408
0.00125186
0.00114519
----------------
1
107
0.0382053
0.00205679
0.00127351
0.0011472
----------------
0
108
0.0391324
0.00299967
0.00130441
0.00114561
----------------
1
108
0.0386019
0.00189209
0.00128673
0.00115082
----------------
0
109
0.041999
0.00303348
0.00139997
0.00114647
----------------
1
109
0.0407282
0.00186046
0.00135761
0.00114719
----------------
0
110
0.0399407
0.00303376
0.00133136
0.00114731
----------------
1
110
0.0372712
0.00157898
0.00124237
0.00114858
----------------
0
111
0.0386495
0.00197969
0.00128832
0.00114678
----------------
1
111
0.037962
0.00191598
0.0012654
0.00114731
----------------
0
112
0.0376798
0.00177444
0.00125599
0.0011464
----------------
1
112
0.0360964
0.00161639
0.00120321
0.00114791
----------------
0
113
0.0392584
0.00245598
0.00130861
0.00115257
----------------
1
113
0.0387813
0.00236363
0.00129271
0.00114685
----------------
0
114
0.0406297
0.00224838
0.00135432
0.00114919
----------------
1
114
0.0376926
0.00178981
0.00125642
0.00114652
----------------
0
115
0.0375827
0.0019693
0.00125276
0.00114693
----------------
1
115
0.0372697
0.00179037
0.00124232
0.001147
----------------
0
116
0.0387825
0.00229362
0.00129275
0.00114697
----------------
1
116
0.0368873
0.00155626
0.00122958
0.00114891
----------------
0
117
0.0376477
0.00186996
0.00125492
0.00114839
----------------
1
117
0.0391624
0.00216543
0.00130541
0.00114905
----------------
0
118
0.0378006
0.00154191
0.00126002
0.00114915
----------------
1
118
0.039893
0.00275405
0.00132977
0.00114684
----------------
0
119
0.0370973
0.00145586
0.00123658
0.00114708
----------------
1
119
0.03598
0.00143681
0.00119933
0.00114692
----------------
0
120
0.0379019
0.00188267
0.0012634
0.00114689
----------------
1
120
0.037038
0.00174591
0.0012346
0.00114726
----------------
0
121
0.0405972
0.00301672
0.00135324
0.00114851
----------------
1
121
0.0392292
0.00195591
0.00130764
0.00114712
----------------
0
122
0.0400188
0.00253216
0.00133396
0.00114693
----------------
1
122
0.0400066
0.00214612
0.00133355
0.00114695
----------------
0
123
0.0406233
0.00274734
0.00135411
0.00114681
----------------
1
123
0.0367481
0.00142685
0.00122494
0.00114689
----------------
0
124
0.0364796
0.00131069
0.00121599
0.00114693
----------------
1
124
0.0376102
0.00159072
0.00125367
0.00114697
----------------
0
125
0.03908
0.00180907
0.00130267
0.0011486
----------------
1
125
0.0375534
0.00167153
0.00125178
0.00114914
----------------
0
126
0.038294
0.00166539
0.00127647
0.00114922
----------------
1
126
0.043491
0.00224456
0.0014497
0.00114695
----------------
0
127
0.0380002
0.00211085
0.00126667
0.00114694
----------------
1
127
0.0378231
0.00167384
0.00126077
0.00114675
----------------
0
128
0.0380319
0.00176784
0.00126773
0.0011471
----------------
1
128
0.0370757
0.00175721
0.00123586
0.00114539
----------------
0
129
0.0372629
0.00183434
0.0012421
0.00114651
----------------
1
129
0.0370624
0.00168742
0.00123541
0.00114591
----------------
0
130
0.0380851
0.00202092
0.0012695
0.00114695
----------------
1
130
0.0394411
0.00259127
0.0013147
0.00114813
----------------
0
131
0.0375499
0.00158383
0.00125166
0.00114698
----------------
1
131
0.0386553
0.00203439
0.00128851
0.00114876
----------------
0
132
0.0371089
0.0017893
0.00123696
0.001147
----------------
1
132
0.0382116
0.00163752
0.00127372
0.00114976
----------------
0
133
0.0408237
0.00270852
0.00136079
0.0011463
----------------
1
133
0.0405571
0.00208465
0.0013519
0.00114921
----------------
0
134
0.0386948
0.0023557
0.00128983
0.00114693
----------------
1
134
0.0395944
0.00258511
0.00131981
0.00114698
----------------
0
135
0.0377941
0.00172651
0.0012598
0.00114708
----------------
1
135
0.0380044
0.00168261
0.00126681
0.00114694
----------------
0
136
0.0384163
0.00272053
0.00128054
0.00114695
----------------
1
136
0.0366121
0.00161178
0.0012204
0.00114699
----------------
0
137
0.0372038
0.00197488
0.00124013
0.00114693
----------------
1
137
0.0389365
0.00217238
0.00129788
0.00114628
----------------
0
138
0.0393173
0.00206496
0.00131058
0.00115075
----------------
1
138
0.0387724
0.0017848
0.00129241
0.0011467
----------------
0
139
0.0372702
0.00165439
0.00124234
0.00114927
----------------
1
139
0.0375931
0.00177359
0.0012531
0.00114692
----------------
0
140
0.0381255
0.00194
0.00127085
0.00115048
----------------
1
140
0.0366539
0.00161237
0.0012218
0.00114739
----------------
0
141
0.0380496
0.0018696
0.00126832
0.00114705
----------------
1
141
0.0374548
0.00217877
0.00124849
0.00114749
----------------
0
142
0.0390515
0.00176386
0.00130172
0.00114624
----------------
1
142
0.0397926
0.00270923
0.00132642
0.00114693
----------------
0
143
0.037602
0.00152593
0.0012534
0.00114732
----------------
1
143
0.0362508
0.00152779
0.00120836
0.0011476
----------------
0
144
0.0377101
0.00201458
0.001257
0.00114673
----------------
1
144
0.0362327
0.00158658
0.00120776
0.00114689
----------------
0
145
0.0374468
0.00221031
0.00124823
0.00114703
----------------
1
145
0.0390557
0.00303661
0.00130186
0.00114708
----------------
0
146
0.0359959
0.00136398
0.00119986
0.00114666
----------------
1
146
0.0371258
0.00152567
0.00123753
0.00114715
----------------
0
147
0.0373642
0.00182782
0.00124547
0.00114692
----------------
1
147
0.0391551
0.00276015
0.00130517
0.00114698
----------------
0
148
0.0381022
0.00252113
0.00127007
0.00114704
----------------
1
148
0.0381664
0.00155112
0.00127221
0.00114914
----------------
0
149
0.0408445
0.00299971
0.00136148
0.00114689
----------------
1
149
0.039622
0.00300529
0.00132073
0.00114928
----------------
0
150
0.0382375
0.00170729
0.00127458
0.00114738
----------------
1
150
0.0411044
0.00280105
0.00137015
0.00114699
----------------
0
151
0.0372916
0.00179151
0.00124305
0.00114698
----------------
1
151
0.0384935
0.00217221
0.00128312
0.00114707
----------------
0
152
0.0362357
0.00130805
0.00120786
0.0011472
----------------
1
152
0.0379984
0.00193076
0.00126661
0.00114636
----------------
0
153
0.0386205
0.00274024
0.00128735
0.00114612
----------------
1
153
0.0368868
0.00201254
0.00122956
0.00114698
----------------
0
154
0.0385157
0.00275999
0.00128386
0.00114718
----------------
1
154
0.0377052
0.00165262
0.00125684
0.00114695
----------------
0
155
0.0373709
0.00147705
0.0012457
0.00114704
----------------
1
155
0.0392287
0.00208403
0.00130762
0.00114661
----------------
0
156
0.0366407
0.00180996
0.00122136
0.00114691
----------------
1
156
0.0367557
0.00161401
0.00122519
0.00114704
----------------
0
157
0.0386138
0.00249855
0.00128713
0.00114713
----------------
1
157
0.0370453
0.0017281
0.00123484
0.00114703
----------------
0
158
0.0367611
0.00148306
0.00122537
0.00114916
----------------
1
158
0.039996
0.00290123
0.0013332
0.00114845
----------------
0
159
0.039139
0.0016946
0.00130463
0.00115068
----------------
1
159
0.0404248
0.00278066
0.00134749
0.00114698
----------------
0
160
0.0380043
0.00161698
0.00126681
0.00114684
----------------
1
160
0.0360952
0.00143275
0.00120317
0.00114897
----------------
0
161
0.0383777
0.00187091
0.00127926
0.00114704
----------------
1
161
0.0375293
0.00242874
0.00125098
0.00114747
----------------
0
162
0.0373583
0.0018158
0.00124528
0.001147
----------------
1
162
0.0399635
0.00331142
0.00133212
0.00114739
----------------
0
163
0.0410497
0.00290833
0.00136832
0.00114753
----------------
1
163
0.0393041
0.00181213
0.00131014
0.00114705
----------------
0
164
0.0362367
0.00142705
0.00120789
0.0011469
----------------
1
164
0.0369392
0.00163737
0.00123131
0.00114664
----------------
0
165
0.0383863
0.00205235
0.00127954
0.00114698
----------------
1
165
0.0374839
0.00170908
0.00124946
0.00114703
----------------
0
166
0.0367543
0.0013607
0.00122514
0.00114705
----------------
1
166
0.038033
0.00177103
0.00126777
0.00114697
----------------
0
167
0.0372529
0.00200184
0.00124176
0.00114704
----------------
1
167
0.0414128
0.00271955
0.00138043
0.00114737
----------------
0
168
0.0432239
0.00303156
0.0014408
0.00114747
----------------
1
168
0.0381203
0.00169102
0.00127068
0.00114695
----------------
0
169
0.0375465
0.0015896
0.00125155
0.00114771
----------------
1
169
0.0371483
0.00167871
0.00123828
0.00114711
----------------
0
170
0.039088
0.00290139
0.00130293
0.00114681
----------------
1
170
0.0369597
0.00183572
0.00123199
0.00114901
----------------
0
171
0.0371908
0.0021819
0.00123969
0.00114683
----------------
1
171
0.0374948
0.00164973
0.00124983
0.00114704
----------------
0
172
0.0386683
0.00178523
0.00128894
0.00114724
----------------
1
172
0.0392751
0.00206954
0.00130917
0.00114699
----------------
0
173
0.0377397
0.00183989
0.00125799
0.00114692
----------------
1
173
0.0366253
0.00177031
0.00122084
0.00114723
----------------
0
174
0.037703
0.00183287
0.00125677
0.00114904
----------------
1
174
0.0366061
0.00167781
0.0012202
0.00114702
----------------
0
175
0.0369718
0.0016049
0.00123239
0.00114701
----------------
1
175
0.0408908
0.00303269
0.00136303
0.00114601
----------------
0
176
0.0376229
0.00204836
0.0012541
0.00114732
----------------
1
176
0.036791
0.00214947
0.00122637
0.00114696
----------------
0
177
0.0420109
0.00302814
0.00140036
0.00114684
----------------
1
177
0.0394299
0.00291516
0.00131433
0.00114699
----------------
0
178
0.0408032
0.00300333
0.00136011
0.00114781
----------------
1
178
0.038604
0.00207349
0.0012868
0.00114707
----------------
0
179
0.0375754
0.00220155
0.00125251
0.00114902
----------------
1
179
0.0373664
0.00172795
0.00124555
0.00114813
----------------
0
180
0.0381086
0.00240386
0.00127029
0.00114711
----------------
1
180
0.0377006
0.0024211
0.00125669
0.0011477
----------------
0
181
0.0372879
0.00219626
0.00124293
0.00114733
----------------
1
181
0.03903
0.00235149
0.001301
0.00114789
----------------
0
182
0.0374629
0.0015506
0.00124876
0.00114682
----------------
1
182
0.0414375
0.00305057
0.00138125
0.0011492
----------------
0
183
0.037975
0.00220893
0.00126583
0.00114818
----------------
1
183
0.0377712
0.00162271
0.00125904
0.00114702
----------------
0
184
0.0385816
0.00189707
0.00128605
0.00115109
----------------
1
184
0.0404427
0.00210893
0.00134809
0.00114702
----------------
0
185
0.0370981
0.00149195
0.0012366
0.00114913
----------------
1
185
0.0409811
0.00303898
0.00136604
0.00114701
----------------
0
186
0.0362061
0.00152049
0.00120687
0.00114698
----------------
1
186
0.0368486
0.00164344
0.00122829
0.00114669
----------------
0
187
0.0386479
0.00241737
0.00128826
0.0011467
----------------
1
187
0.0369971
0.00161817
0.00123324
0.00114845
----------------
0
188
0.0375187
0.00169447
0.00125062
0.00114713
----------------
1
188
0.0416564
0.00299098
0.00138855
0.00114687
----------------
0
189
0.0375447
0.00205722
0.00125149
0.0011492
----------------
1
189
0.0372336
0.00174854
0.00124112
0.00114693
----------------
0
190
0.0381718
0.00167458
0.00127239
0.00114689
----------------
1
190
0.0389717
0.00188595
0.00129906
0.00114772
----------------
0
191
0.0396834
0.0020294
0.00132278
0.00114665
----------------
1
191
0.037971
0.00164986
0.0012657
0.00114755
----------------
0
192
0.0379416
0.00178862
0.00126472
0.00114713
----------------
1
192
0.0403619
0.00292209
0.0013454
0.00114691
----------------
0
193
0.0390159
0.00187534
0.00130053
0.00114716
----------------
1
193
0.03967
0.001927
0.00132233
0.00114671
----------------
0
194
0.0378504
0.00193388
0.00126168
0.00114651
----------------
1
194
0.0359017
0.0012627
0.00119672
0.00114658
----------------
0
195
0.0373191
0.00147577
0.00124397
0.00114753
----------------
1
195
0.0366532
0.00161678
0.00122177
0.00114749
----------------
0
196
0.0382587
0.00182237
0.00127529
0.00114677
----------------
1
196
0.0389696
0.00209984
0.00129899
0.00115031
----------------
0
197
0.0377806
0.00176024
0.00125935
0.00114745
----------------
1
197
0.0372185
0.00162554
0.00124062
0.00114697
----------------
0
198
0.0395381
0.00300247
0.00131794
0.00114618
----------------
1
198
0.0386664
0.00213073
0.00128888
0.00114688
----------------
0
199
0.0379752
0.00202557
0.00126584
0.00114697
----------------
1
199
0.0382772
0.00202706
0.00127591
0.00114734
----------------
0
200
0.0404357
0.00299029
0.00134786
0.00114685
----------------
1
200
0.0381152
0.00156756
0.00127051
0.00114709
----------------
0
201
0.0390273
0.00258424
0.00130091
0.00114747
----------------
1
201
0.0416528
0.00246329
0.00138843
0.00115
----------------
0
202
0.0386724
0.00296858
0.00128908
0.00114616
----------------
1
202
0.0389357
0.00178064
0.00129786
0.00114732
----------------
0
203
0.0385132
0.002621
0.00128377
0.00114681
----------------
1
203
0.0378638
0.0022189
0.00126212
0.00115012
----------------
0
204
0.038488
0.00181318
0.00128293
0.00114711
----------------
1
204
0.0373413
0.00157353
0.00124471
0.00114822
----------------
0
205
0.0360982
0.00134602
0.00120327
0.00114713
----------------
1
205
0.036678
0.00180929
0.0012226
0.00114702
----------------
0
206
0.0395692
0.00240523
0.00131897
0.00114705
----------------
1
206
0.0404693
0.00238269
0.00134898
0.00114683
----------------
0
207
0.0379212
0.00154649
0.00126404
0.00114712
----------------
1
207
0.0368876
0.00152692
0.00122959
0.00114638
----------------
0
208
0.0379849
0.00250067
0.00126616
0.00114687
----------------
1
208
0.037458
0.00155718
0.0012486
0.00114696
----------------
0
209
0.0387332
0.00227932
0.00129111
0.001147
----------------
1
209
0.0376269
0.00153754
0.00125423
0.00114704
----------------
0
210
0.0401746
0.0022292
0.00133915
0.00114677
----------------
1
210
0.04134
0.00197232
0.001378
0.0011469
----------------
0
211
0.0407658
0.00304539
0.00135886
0.00114638
----------------
1
211
0.0375351
0.00174381
0.00125117
0.00114787
----------------
0
212
0.0371275
0.00164943
0.00123758
0.00114701
----------------
1
212
0.03864
0.00215194
0.001288
0.00114982
----------------
0
213
0.0361139
0.0014604
0.0012038
0.00114692
----------------
1
213
0.0370888
0.00154806
0.00123629
0.00114693
----------------
0
214
0.0384808
0.00167486
0.00128269
0.00114731
----------------
1
214
0.0400621
0.00202578
0.0013354
0.00114568
----------------
0
215
0.0405659
0.00229096
0.0013522
0.00115178
----------------
1
215
0.0401257
0.00303277
0.00133752
0.00114677
----------------
0
216
0.0380834
0.00190856
0.00126945
0.00114721
----------------
1
216
0.0395753
0.00228552
0.00131918
0.00114696
----------------
0
217
0.0386815
0.00213764
0.00128938
0.0011492
----------------
1
217
0.039804
0.00197551
0.0013268
0.00114686
----------------
0
218
0.0379942
0.0016022
0.00126647
0.001147
----------------
1
218
0.0370503
0.00183927
0.00123501
0.00114707
----------------
0
219
0.0396419
0.00278311
0.0013214
0.00114746
----------------
1
219
0.037255
0.00149714
0.00124183
0.00114714
----------------
0
220
0.0379203
0.00207178
0.00126401
0.00114703
----------------
1
220
0.03734
0.00161081
0.00124467
0.0011466
----------------
0
221
0.0372871
0.00175333
0.0012429
0.00114683
----------------
1
221
0.0387459
0.00227335
0.00129153
0.00114683
----------------
0
222
0.0390466
0.00198005
0.00130155
0.00114712
----------------
1
222
0.0400433
0.00220511
0.00133478
0.00114903
----------------
0
223
0.0386608
0.00192409
0.00128869
0.00114642
----------------
1
223
0.038073
0.00167758
0.0012691
0.00114906
----------------
0
224
0.0399427
0.00304
0.00133142
0.00114723
----------------
1
224
0.0448255
0.00289555
0.00149418
0.00114674
----------------
0
225
0.0375319
0.00154907
0.00125106
0.00114731
----------------
1
225
0.039061
0.00206014
0.00130203
0.00114693
----------------
0
226
0.0379661
0.00158416
0.00126554
0.00114707
----------------
1
226
0.0367999
0.00187902
0.00122666
0.00114701
----------------
0
227
0.037625
0.00159482
0.00125417
0.00114656
----------------
1
227
0.0366914
0.00156344
0.00122305
0.00114651
----------------
0
228
0.037169
0.00176282
0.00123897
0.00114673
----------------
1
228
0.0416775
0.00292941
0.00138925
0.00114712
----------------
0
229
0.0392994
0.00239784
0.00130998
0.0011471
----------------
1
229
0.0369771
0.00194312
0.00123257
0.00114468
----------------
0
230
0.0403293
0.00287172
0.00134431
0.00114726
----------------
1
230
0.0394013
0.00231705
0.00131338
0.00114698
----------------
0
231
0.0403439
0.00226222
0.0013448
0.00114733
----------------
1
231
0.0376738
0.00210229
0.00125579
0.00114694
----------------
0
232
0.036977
0.0015024
0.00123257
0.00114706
----------------
1
232
0.0374823
0.00156985
0.00124941
0.00114637
----------------
0
233
0.0393782
0.00212742
0.00131261
0.00114936
----------------
1
233
0.0368178
0.00191963
0.00122726
0.00114695
----------------
0
234
0.0382122
0.00188693
0.00127374
0.00114915
----------------
1
234
0.0396839
0.00207519
0.0013228
0.00114791
----------------
0
235
0.0411485
0.0022196
0.00137162
0.00114718
----------------
1
235
0.0388759
0.00304674
0.00129586
0.00114702
----------------
0
236
0.0375677
0.0018169
0.00125226
0.001147
----------------
1
236
0.0369048
0.00160719
0.00123016
0.00114673
----------------
0
237
0.0408915
0.00299075
0.00136305
0.00114623
----------------
1
237
0.0365917
0.00148569
0.00121972
0.00114918
----------------
0
238
0.0396538
0.00236213
0.00132179
0.00114685
----------------
1
238
0.0397962
0.00195192
0.00132654
0.00115134
----------------
0
239
0.037898
0.00187493
0.00126327
0.001147
----------------
1
239
0.0361605
0.00142237
0.00120535
0.00114621
----------------
0
240
0.0394918
0.00242364
0.00131639
0.00114593
----------------
1
240
0.039487
0.00200806
0.00131623
0.0011471
----------------
0
241
0.0393487
0.00204477
0.00131162
0.00114971
----------------
1
241
0.037162
0.00159687
0.00123873
0.00114726
----------------
0
242
0.0381331
0.00206807
0.0012711
0.00114699
----------------
1
242
0.0377557
0.00174964
0.00125852
0.00114982
----------------
0
243
0.0380922
0.00223225
0.00126974
0.0011467
----------------
1
243
0.0373602
0.00241155
0.00124534
0.00114703
----------------
0
244
0.0389149
0.00266347
0.00129716
0.00114692
----------------
1
244
0.0378095
0.00164895
0.00126032
0.00114494
----------------
0
245
0.0372151
0.0017318
0.0012405
0.00114685
----------------
1
245
0.0386791
0.00170605
0.0012893
0.00114696
----------------
0
246
0.037361
0.00164424
0.00124537
0.00114693
----------------
1
246
0.0392398
0.00203786
0.00130799
0.00114671
----------------
0
247
0.0408673
0.00291119
0.00136224
0.00115069
----------------
1
247
0.039913
0.00205142
0.00133043
0.00114698
----------------
0
248
0.0372277
0.0017888
0.00124092
0.00114597
----------------
1
248
0.0367054
0.00138258
0.00122351
0.00114697
----------------
0
249
0.0360294
0.00135289
0.00120098
0.00114672
----------------
1
249
0.0363129
0.00150004
0.00121043
0.00114676
----------------
0
250
0.0377918
0.00165762
0.00125973
0.00114688
----------------
1
250
0.0381542
0.00159441
0.00127181
0.00114952
----------------
0
251
0.0387149
0.00205659
0.0012905
0.00114728
----------------
1
251
0.036995
0.0017541
0.00123317
0.00114798
----------------
0
252
0.0364753
0.00195605
0.00121584
0.00114699
----------------
1
252
0.0371496
0.00173857
0.00123832
0.00114685
----------------
0
253
0.04075
0.00234774
0.00135833
0.00114619
----------------
1
253
0.0380536
0.00215953
0.00126845
0.00114695
----------------
0
254
0.0369804
0.00152426
0.00123268
0.00114736
----------------
1
254
0.0372191
0.00171984
0.00124064
0.00114696
----------------
0
255
0.0377074
0.00183336
0.00125691
0.00114816
----------------
1
255
0.0371951
0.00189199
0.00123984
0.00114703
----------------
0
256
0.0379759
0.0018694
0.00126586
0.00114701
----------------
1
256
0.0378347
0.00251686
0.00126116
0.0011461
----------------
0
257
0.0372959
0.00170678
0.0012432
0.00114699
----------------
1
257
0.0386817
0.00192747
0.00128939
0.00114917
----------------
0
258
0.0392181
0.00184827
0.00130727
0.0011469
----------------
1
258
0.0379709
0.00153448
0.0012657
0.00114707
----------------
0
259
0.0377376
0.0021876
0.00125792
0.00114673
----------------
1
259
0.0399884
0.00301546
0.00133295
0.00114708
----------------
0
260
0.0401551
0.00286326
0.0013385
0.00114673
----------------
1
260
0.0400511
0.00214281
0.00133504
0.00114924
----------------
0
261
0.0388307
0.00189391
0.00129436
0.00114657
----------------
1
261
0.0371266
0.00173217
0.00123755
0.00114693
----------------
0
262
0.0364707
0.00140809
0.00121569
0.00114743
----------------
1
262
0.0369611
0.00146314
0.00123204
0.00114718
----------------
0
263
0.037485
0.00163799
0.0012495
0.00114688
----------------
1
263
0.0380728
0.0029484
0.00126909
0.00114596
----------------
0
264
0.0420625
0.00279967
0.00140208
0.00114852
----------------
1
264
0.0399372
0.00210131
0.00133124
0.00114956
----------------
0
265
0.0379742
0.00178471
0.00126581
0.00114672
----------------
1
265
0.0372287
0.00185846
0.00124096
0.00114697
----------------
0
266
0.0359056
0.00142288
0.00119685
0.00114715
----------------
1
266
0.0375559
0.0019512
0.00125186
0.00114698
----------------
0
267
0.0383144
0.00259829
0.00127715
0.00114904
----------------
1
267
0.0365666
0.00163398
0.00121889
0.00114701
----------------
0
268
0.0386191
0.00239633
0.0012873
0.00114685
----------------
1
268
0.0383412
0.00240313
0.00127804
0.00114678
----------------
0
269
0.0386715
0.00215112
0.00128905
0.00114689
----------------
1
269
0.0381957
0.00193447
0.00127319
0.00114626
----------------
0
270
0.0378733
0.00177021
0.00126244
0.00115231
----------------
1
270
0.037697
0.00200197
0.00125657
0.00114687
----------------
0
271
0.0376427
0.00272411
0.00125476
0.00114705
----------------
1
271
0.0364057
0.00164014
0.00121352
0.00114693
----------------
0
272
0.0373597
0.00158383
0.00124532
0.00114699
----------------
1
272
0.0391836
0.00202913
0.00130612
0.00114683
----------------
0
273
0.0388669
0.00300204
0.00129556
0.00114973
----------------
1
273
0.0388376
0.00209907
0.00129459
0.00114699
----------------
0
274
0.0376746
0.00168886
0.00125582
0.00114671
----------------
1
274
0.0372527
0.00167497
0.00124176
0.00114918
----------------
0
275
0.0388013
0.00173932
0.00129338
0.00114889
----------------
1
275
0.038526
0.00234586
0.0012842
0.00114707
----------------
0
276
0.0389672
0.00233762
0.00129891
0.00114863
----------------
1
276
0.0370015
0.00177648
0.00123338
0.00114859
----------------
0
277
0.0395783
0.00182138
0.00131928
0.00114705
----------------
1
277
0.0397771
0.00220057
0.0013259
0.00114673
----------------
0
278
0.03772
0.00150438
0.00125733
0.00114647
----------------
1
278
0.0379725
0.00162498
0.00126575
0.00114704
----------------
0
279
0.0382521
0.00216095
0.00127507
0.00114701
----------------
1
279
0.041411
0.00279125
0.00138037
0.00114717
----------------
0
280
0.0386421
0.00174099
0.00128807
0.00114701
----------------
1
280
0.0394357
0.002279
0.00131452
0.00114718
----------------
0
281
0.0371968
0.00146806
0.0012399
0.00114702
----------------
1
281
0.0356275
0.00138014
0.00118758
0.00114695
----------------
0
282
0.037799
0.00203888
0.00125997
0.0011468
----------------
1
282
0.0370627
0.0015352
0.00123542
0.00115005
----------------
0
283
0.0381608
0.00175616
0.00127203
0.00114756
----------------
1
283
0.0390069
0.0017661
0.00130023
0.00115117
----------------
0
284
0.0390899
0.0026793
0.001303
0.00114724
----------------
1
284
0.0407514
0.00285026
0.00135838
0.00114709
----------------
0
285
0.0397882
0.00240307
0.00132627
0.00114694
----------------
1
285
0.0371076
0.00165401
0.00123692
0.00114625
----------------
0
286
0.0382074
0.00185484
0.00127358
0.00114685
----------------
1
286
0.0376477
0.00188796
0.00125492
0.00114702
----------------
0
287
0.037803
0.00175684
0.0012601
0.00114693
----------------
1
287
0.0375435
0.00225143
0.00125145
0.00114751
----------------
0
288
0.0393345
0.00279911
0.00131115
0.00114863
----------------
1
288
0.0381587
0.00184555
0.00127196
0.00114706
----------------
0
289
0.0402618
0.00259836
0.00134206
0.00114867
----------------
1
289
0.0380989
0.00181404
0.00126996
0.00114957
----------------
0
290
0.0384334
0.00212625
0.00128111
0.00114901
----------------
1
290
0.0380343
0.00167966
0.00126781
0.00114702
----------------
0
291
0.0411126
0.00253707
0.00137042
0.00114715
----------------
1
291
0.039992
0.00214403
0.00133307
0.00114757
----------------
0
292
0.0383264
0.00177421
0.00127755
0.00114718
----------------
1
292
0.0364543
0.00140973
0.00121514
0.00114701
----------------
0
293
0.0369707
0.00227394
0.00123236
0.00114701
----------------
1
293
0.0378507
0.00170029
0.00126169
0.00114717
----------------
0
294
0.0395593
0.00236345
0.00131864
0.00114692
----------------
1
294
0.0372571
0.00148399
0.0012419
0.00114649
----------------
0
295
0.0375115
0.00149223
0.00125038
0.00114914
----------------
1
295
0.0414515
0.00270915
0.00138172
0.00114691
----------------
0
296
0.0433676
0.00227931
0.00144559
0.00114705
----------------
1
296
0.037817
0.00201095
0.00126057
0.00114685
----------------
0
297
0.0411612
0.00304635
0.00137204
0.00115062
----------------
1
297
0.0365683
0.00143741
0.00121894
0.00114582
----------------
0
298
0.0377812
0.00204425
0.00125937
0.00114804
----------------
1
298
0.0364582
0.00147542
0.00121527
0.001147
----------------
0
299
0.0392725
0.00244529
0.00130908
0.00115193
----------------
1
299
0.0418317
0.00269287
0.00139439
0.00114706
----------------
0
300
0.0364046
0.00146884
0.00121349
0.00114981
----------------
1
300
0.0372843
0.00198276
0.00124281
0.00114915
----------------
0
301
0.0371899
0.00214573
0.00123966
0.00114918
----------------
1
301
0.0400334
0.00237726
0.00133445
0.00114874
----------------
0
302
0.0364509
0.00139587
0.00121503
0.00114593
----------------
1
302
0.0390318
0.001749
0.00130106
0.00114623
----------------
0
303
0.0374118
0.00179391
0.00124706
0.00114848
----------------
1
303
0.0404077
0.00237434
0.00134692
0.001147
----------------
0
304
0.0406939
0.00282519
0.00135646
0.00114698
----------------
1
304
0.0406602
0.00223385
0.00135534
0.00114741
----------------
0
305
0.0382286
0.00169895
0.00127429
0.00114691
----------------
1
305
0.0362474
0.00140699
0.00120825
0.00114667
----------------
0
306
0.0415406
0.00268355
0.00138469
0.00114696
----------------
1
306
0.0367579
0.00197375
0.00122526
0.00114696
----------------
0
307
0.0382472
0.001796
0.00127491
0.00114947
----------------
1
307
0.0398987
0.00286358
0.00132996
0.00114739
----------------
0
308
0.0372501
0.00201293
0.00124167
0.00114686
----------------
1
308
0.0371518
0.00169869
0.00123839
0.00114912
----------------
0
309
0.036488
0.00143174
0.00121627
0.00114679
----------------
1
309
0.0394995
0.0023483
0.00131665
0.00114746
----------------
0
310
0.0381584
0.00186157
0.00127195
0.00114698
----------------
1
310
0.038041
0.00187649
0.00126803
0.00114681
----------------
0
311
0.0383925
0.00226342
0.00127975
0.00114644
----------------
1
311
0.0378773
0.00195706
0.00126258
0.00114821
----------------
0
312
0.0386901
0.00183038
0.00128967
0.0011473
----------------
1
312
0.0405005
0.0025642
0.00135002
0.00114723
----------------
0
313
0.0380033
0.00173731
0.00126678
0.00114936
----------------
1
313
0.0379052
0.00177757
0.00126351
0.00114694
----------------
0
314
0.0376073
0.00156331
0.00125358
0.0011468
----------------
1
314
0.0370204
0.00163162
0.00123401
0.00114724
----------------
0
315
0.0371409
0.00141763
0.00123803
0.00114731
----------------
1
315
0.0365748
0.00195262
0.00121916
0.00114689
----------------
0
316
0.0412464
0.00293004
0.00137488
0.00114727
----------------
1
316
0.04103
0.00316181
0.00136767
0.00114742
----------------
0
317
0.0398372
0.00293628
0.00132791
0.00114699
----------------
1
317
0.0389922
0.00197624
0.00129974
0.0011468
----------------
0
318
0.0377119
0.00191368
0.00125706
0.00114687
----------------
1
318
0.0366044
0.00149046
0.00122015
0.00114693
----------------
0
319
0.0375509
0.0018837
0.0012517
0.00114672
----------------
1
319
0.0366877
0.00157124
0.00122292
0.00114652
----------------
0
320
0.0382164
0.00195163
0.00127388
0.00114725
----------------
1
320
0.040504
0.00211552
0.00135013
0.00114695
----------------
0
321
0.0378338
0.00169209
0.00126113
0.00114631
----------------
1
321
0.0390836
0.00268192
0.00130279
0.00114691
----------------
0
322
0.0377152
0.0015399
0.00125717
0.00114832
----------------
1
322
0.0409968
0.00277307
0.00136656
0.00114741
----------------
0
323
0.0393593
0.00194296
0.00131198
0.00114802
----------------
1
323
0.0394394
0.00188984
0.00131465
0.00114708
----------------
0
324
0.0377872
0.00155079
0.00125957
0.00114753
----------------
1
324
0.0393389
0.00221165
0.0013113
0.00114744
----------------
0
325
0.0397781
0.00263921
0.00132594
0.00114911
----------------
1
325
0.0392643
0.0020417
0.00130881
0.00114731
----------------
0
326
0.0385635
0.0018399
0.00128545
0.00114938
----------------
1
326
0.0365931
0.00170212
0.00121977
0.00114649
----------------
0
327
0.0375545
0.00151684
0.00125182
0.00114733
----------------
1
327
0.0378025
0.00184317
0.00126008
0.00114661
----------------
0
328
0.0377377
0.00162727
0.00125792
0.00115148
----------------
1
328
0.0379687
0.00181826
0.00126562
0.00114738
----------------
0
329
0.039751
0.00236123
0.00132503
0.00114927
----------------
1
329
0.0402599
0.00215597
0.001342
0.00114687
----------------
0
330
0.0386946
0.00209887
0.00128982
0.00114695
----------------
1
330
0.0377615
0.00170038
0.00125872
0.00114729
----------------
0
331
0.0390124
0.00232813
0.00130041
0.00114872
----------------
1
331
0.0370338
0.00164871
0.00123446
0.00114777
----------------
0
332
0.0377451
0.0020776
0.00125817
0.00114693
----------------
1
332
0.0381692
0.00304783
0.00127231
0.00114684
----------------
0
333
0.0382752
0.00199731
0.00127584
0.00114714
----------------
1
333
0.0388604
0.00210205
0.00129535
0.00114543
----------------
0
334
0.0410228
0.00285028
0.00136743
0.00114769
----------------
1
334
0.0379927
0.00195734
0.00126642
0.00114903
----------------
0
335
0.0383491
0.00180836
0.0012783
0.00114703
----------------
1
335
0.0389778
0.00191201
0.00129926
0.00114738
----------------
0
336
0.0393551
0.00187621
0.00131184
0.00114821
----------------
1
336
0.0419089
0.00476987
0.00139696
0.00114609
----------------
0
337
0.039317
0.00285317
0.00131057
0.00114679
----------------
1
337
0.036896
0.00164854
0.00122987
0.00114692
----------------
0
338
0.0394445
0.00255735
0.00131482
0.00114625
----------------
1
338
0.0363958
0.00159476
0.00121319
0.00114766
----------------
0
339
0.0381387
0.00189855
0.00127129
0.00114696
----------------
1
339
0.0374597
0.00146544
0.00124866
0.00114687
----------------
0
340
0.0374634
0.00185715
0.00124878
0.00114681
----------------
1
340
0.0372198
0.00158263
0.00124066
0.00114984
----------------
0
341
0.0370748
0.0021305
0.00123583
0.00114673
----------------
1
341
0.036868
0.00210326
0.00122893
0.00114699
----------------
0
342
0.0385239
0.00180466
0.00128413
0.0011471
----------------
1
342
0.0403093
0.00297115
0.00134364
0.00114713
----------------
0
343
0.0400343
0.00272737
0.00133448
0.00115029
----------------
1
343
0.0360557
0.00147486
0.00120186
0.00114703
----------------
0
344
0.0373606
0.00155075
0.00124535
0.00114696
----------------
1
344
0.0373374
0.0016415
0.00124458
0.00114695
----------------
0
345
0.038324
0.00157355
0.00127747
0.00114913
----------------
1
345
0.0398363
0.00293252
0.00132788
0.00115123
----------------
0
346
0.0382627
0.00221148
0.00127542
0.00114688
----------------
1
346
0.0408401
0.00299485
0.00136134
0.00114685
----------------
0
347
0.0388484
0.00198616
0.00129495
0.00114769
----------------
1
347
0.0369074
0.00159932
0.00123025
0.00114725
----------------
0
348
0.0363259
0.00138697
0.00121086
0.0011472
----------------
1
348
0.0377749
0.00189964
0.00125916
0.00114914
----------------
0
349
0.0400847
0.00294808
0.00133616
0.00114726
----------------
1
349
0.0381125
0.00175834
0.00127042
0.00114714
----------------
0
350
0.038782
0.00280393
0.00129273
0.00114759
----------------
1
350
0.040879
0.00248465
0.00136263
0.00114696
----------------
0
351
0.0405098
0.00245899
0.00135033
0.00114689
----------------
1
351
0.0378338
0.00171833
0.00126113
0.00115004
----------------
0
352
0.03736
0.00208003
0.00124533
0.00114713
----------------
1
352
0.0374041
0.00162602
0.0012468
0.00114702
----------------
0
353
0.03714
0.00149701
0.001238
0.00114909
----------------
1
353
0.0367309
0.00160237
0.00122436
0.00115169
----------------
0
354
0.0396018
0.00245494
0.00132006
0.00114728
----------------
1
354
0.0372977
0.00173509
0.00124326
0.0011469
----------------
0
355
0.0408981
0.00267157
0.00136327
0.00114929
----------------
1
355
0.0410919
0.0030286
0.00136973
0.00114709
----------------
0
356
0.0377933
0.00159895
0.00125978
0.0011469
----------------
1
356
0.0364057
0.00138788
0.00121352
0.0011468
----------------
0
357
0.0391348
0.0020365
0.00130449
0.00114743
----------------
1
357
0.0369852
0.00170584
0.00123284
0.00114986
----------------
0
358
0.0401966
0.00272009
0.00133989
0.00114729
----------------
1
358
0.0398681
0.00257067
0.00132894
0.0011472
----------------
0
359
0.0385911
0.00174917
0.00128637
0.00114716
----------------
1
359
0.0369608
0.00174987
0.00123203
0.00114686
----------------
0
360
0.0393267
0.00275666
0.00131089
0.00114702
----------------
1
360
0.0401265
0.00256598
0.00133755
0.00114697
----------------
0
361
0.0419553
0.00228104
0.00139851
0.00115218
----------------
1
361
0.0379863
0.00164432
0.00126621
0.00114694
----------------
0
362
0.0371459
0.00168428
0.0012382
0.0011454
----------------
1
362
0.0375828
0.00210351
0.00125276
0.00114711
----------------
0
363
0.0376302
0.00199256
0.00125434
0.00114697
----------------
1
363
0.0365905
0.00180893
0.00121968
0.00114704
----------------
0
364
0.0391706
0.00175302
0.00130569
0.00114851
----------------
1
364
0.0384853
0.00177385
0.00128284
0.0011468
----------------
0
365
0.03817
0.00213866
0.00127233
0.0011469
----------------
1
365
0.0396101
0.00209933
0.00132034
0.00114703
----------------
0
366
0.037289
0.00167271
0.00124297
0.00114708
----------------
1
366
0.0370738
0.00204443
0.00123579
0.00114603
----------------
0
367
0.0386294
0.00165972
0.00128765
0.00114687
----------------
1
367
0.0373862
0.00168161
0.00124621
0.00114699
----------------
0
368
0.0364994
0.00145146
0.00121665
0.00114705
----------------
1
368
0.037387
0.00159819
0.00124623
0.00114736
----------------
0
369
0.0385248
0.00184332
0.00128416
0.00114664
----------------
1
369
0.0391049
0.00188898
0.0013035
0.00114709
----------------
0
370
0.0394427
0.00296722
0.00131476
0.00114683
----------------
1
370
0.0387493
0.0022197
0.00129164
0.00114676
----------------
0
371
0.0393195
0.00226469
0.00131065
0.00114928
----------------
1
371
0.0430229
0.00280871
0.0014341
0.00114692
----------------
0
372
0.0373276
0.00163305
0.00124425
0.00114714
----------------
1
372
0.0405486
0.00302968
0.00135162
0.00114701
----------------
0
373
0.0391533
0.00221957
0.00130511
0.00114768
----------------
1
373
0.0371018
0.0016636
0.00123673
0.00114785
----------------
0
374
0.0375678
0.001634
0.00125226
0.00114684
----------------
1
374
0.0370291
0.00161605
0.0012343
0.00114705
----------------
0
375
0.0396667
0.00299358
0.00132222
0.00114912
----------------
1
375
0.0379365
0.00222428
0.00126455
0.00114682
----------------
0
376
0.0394889
0.00200877
0.0013163
0.00114682
----------------
1
376
0.0388771
0.00212961
0.0012959
0.00114477
----------------
0
377
0.0400938
0.0029895
0.00133646
0.00114675
----------------
1
377
0.0378265
0.00168754
0.00126088
0.00114723
----------------
0
378
0.0387958
0.00181493
0.00129319
0.00114693
----------------
1
378
0.041318
0.00295889
0.00137727
0.00114697
----------------
0
379
0.0393251
0.0022915
0.00131084
0.0011468
----------------
1
379
0.0388842
0.00190729
0.00129614
0.00114698
----------------
0
380
0.0382189
0.00194532
0.00127396
0.00114698
----------------
1
380
0.0362478
0.00142433
0.00120826
0.00114702
----------------
0
381
0.0382896
0.00195021
0.00127632
0.00114605
----------------
1
381
0.0368146
0.00178873
0.00122715
0.00114972
----------------
0
382
0.0372633
0.00155516
0.00124211
0.00114694
----------------
1
382
0.0398514
0.00211018
0.00132838
0.00115111
----------------
0
383
0.0377584
0.00162468
0.00125861
0.00115089
----------------
1
383
0.0368249
0.00159422
0.0012275
0.0011477
----------------
0
384
0.0374485
0.00168596
0.00124828
0.00114573
----------------
1
384
0.0386917
0.00187176
0.00128972
0.00114762
----------------
0
385
0.0389549
0.00186047
0.0012985
0.00114729
----------------
1
385
0.038754
0.00182294
0.0012918
0.00114729
----------------
0
386
0.0366787
0.00180073
0.00122262
0.00114683
----------------
1
386
0.0381603
0.00178287
0.00127201
0.00114692
----------------
0
387
0.0376304
0.00166934
0.00125435
0.00114721
----------------
1
387
0.0370471
0.00160054
0.0012349
0.0011465
----------------
0
388
0.037037
0.00194076
0.00123457
0.00114841
----------------
1
388
0.0386795
0.00286025
0.00128932
0.00114644
----------------
0
389
0.0387641
0.00221095
0.00129214
0.00114432
----------------
1
389
0.0387801
0.00167517
0.00129267
0.0011486
----------------
0
390
0.0381805
0.00194075
0.00127268
0.001147
----------------
1
390
0.0379381
0.00161921
0.0012646
0.00114687
----------------
0
391
0.0371489
0.00184423
0.0012383
0.00114734
----------------
1
391
0.0404872
0.00221077
0.00134958
0.00114826
----------------
0
392
0.0387813
0.00181557
0.00129271
0.00114915
----------------
1
392
0.0407194
0.00264737
0.00135731
0.00114649
----------------
0
393
0.0390225
0.00286745
0.00130075
0.00114901
----------------
1
393
0.037372
0.00186065
0.00124573
0.00114689
----------------
0
394
0.0393265
0.0020636
0.00131088
0.00114942
----------------
1
394
0.0368757
0.00154583
0.00122919
0.00114704
----------------
0
395
0.0389035
0.00198399
0.00129678
0.00114924
----------------
1
395
0.0380056
0.00204253
0.00126685
0.00114716
----------------
0
396
0.038754
0.00188749
0.0012918
0.00114661
----------------
1
396
0.0393783
0.0016807
0.00131261
0.0011473
----------------
0
397
0.0383628
0.00207324
0.00127876
0.0011471
----------------
1
397
0.0360312
0.00132557
0.00120104
0.00114763
----------------
0
398
0.0384609
0.00174308
0.00128203
0.0011469
----------------
1
398
0.0368155
0.00174185
0.00122718
0.00114587
----------------
0
399
0.0393704
0.00197634
0.00131235
0.00114743
----------------
1
399
0.0402211
0.00252322
0.0013407
0.00114922
----------------
0
400
0.0383994
0.00227054
0.00127998
0.00114639
----------------
1
400
0.0367726
0.00175191
0.00122575
0.0011469
