----------------
0
1
0.0376779
0.00208195
0.00125593
0.00114869
----------------
1
1
0.0364369
0.0014008
0.00121457
0.0011469
----------------
0
2
0.0367799
0.00148523
0.001226
0.00114598
----------------
1
2
0.0379241
0.00179805
0.00126414
0.00114735
----------------
0
3
0.0379523
0.00164589
0.00126508
0.00114732
----------------
1
3
0.0387533
0.00301922
0.00129178
0.00114755
----------------
0
4
0.0368802
0.00147279
0.00122934
0.00114658
----------------
1
4
0.0370538
0.00161401
0.00123513
0.00114756
----------------
0
5
0.0399776
0.00303152
0.00133259
0.00114609
----------------
1
5
0.040244
0.00238841
0.00134147
0.00115157
----------------
0
6
0.0376775
0.00166035
0.00125592
0.00114676
----------------
1
6
0.0387575
0.002258
0.00129192
0.00114654
----------------
0
7
0.0380661
0.00185994
0.00126887
0.00114699
----------------
1
7
0.0376426
0.00186778
0.00125475
0.00114693
----------------
0
8
0.0370191
0.00147447
0.00123397
0.00114666
----------------
1
8
0.0397499
0.0022179
0.001325
0.00114913
----------------
0
9
0.0364782
0.00140524
0.00121594
0.00114704
----------------
1
9
0.0367401
0.001517
0.00122467
0.00114709
----------------
0
10
0.0378196
0.00147871
0.00126065
0.00114966
----------------
1
10
0.0378958
0.00157836
0.00126319
0.00114709
----------------
0
11
0.0371564
0.00145909
0.00123855
0.00114912
----------------
1
11
0.0375946
0.00166377
0.00125315
0.00114705
----------------
0
12
0.0377003
0.0015771
0.00125668
0.00114713
----------------
1
12
0.0408045
0.00253768
0.00136015
0.00114707
----------------
0
13
0.0379831
0.00167961
0.0012661
0.00114678
----------------
1
13
0.0373646
0.00182856
0.00124549
0.00114695
----------------
0
14
0.0385809
0.00178172
0.00128603
0.00114697
----------------
1
14
0.0409488
0.00199242
0.00136496
0.00114697
----------------
0
15
0.0390547
0.00170675
0.00130182
0.00114698
----------------
1
15
0.0400679
0.00227178
0.0013356
0.00114811
----------------
0
16
0.0396816
0.00175911
0.00132272
0.00114784
----------------
1
16
0.0363823
0.00163571
0.00121274
0.00114656
----------------
0
17
0.0380866
0.00183725
0.00126955
0.0011472
----------------
1
17
0.0375889
0.00168581
0.00125296
0.001147
----------------
0
18
0.037504
0.00159401
0.00125013
0.00114629
----------------
1
18
0.0374998
0.00150123
0.00124999
0.00114667
----------------
0
19
0.0366598
0.00152293
0.00122199
0.00114876
----------------
1
19
0.0374275
0.00156229
0.00124758
0.00114657
----------------
0
20
0.0387754
0.00214001
0.00129251
0.00114699
----------------
1
20
0.0366825
0.0016022
0.00122275
0.00114691
----------------
0
21
0.0379369
0.00175411
0.00126456
0.00114684
----------------
1
21
0.0400151
0.00224768
0.00133384
0.00114696
----------------
0
22
0.0362924
0.00155041
0.00120975
0.00114599
----------------
1
22
0.0389935
0.00244747
0.00129978
0.00114626
----------------
0
23
0.0377659
0.00181365
0.00125886
0.00114682
----------------
1
23
0.0391397
0.00241937
0.00130466
0.00114716
----------------
0
24
0.0390721
0.00286011
0.0013024
0.00114695
----------------
1
24
0.039315
0.00220833
0.0013105
0.00114798
----------------
0
25
0.0384855
0.00248079
0.00128285
0.00114675
----------------
1
25
0.03632
0.00137973
0.00121067
0.00114694
----------------
0
26
0.0396948
0.00239927
0.00132316
0.00114684
----------------
1
26
0.039432
0.00243545
0.0013144
0.00114945
----------------
0
27
0.0401797
0.00226239
0.00133932
0.00114712
----------------
1
27
0.0375288
0.00228814
0.00125096
0.001147
----------------
0
28
0.0406119
0.00240609
0.00135373
0.0011479
----------------
1
28
0.0390271
0.00176718
0.0013009
0.00114602
----------------
0
29
0.0398325
0.00179664
0.00132775
0.0011489
----------------
1
29
0.0369091
0.00155944
0.0012303
0.00114703
----------------
0
30
0.04066
0.00240811
0.00135533
0.00115217
----------------
1
30
0.039854
0.00208036
0.00132847
0.00114704
----------------
0
31
0.0392943
0.00246252
0.00130981
0.00114811
----------------
1
31
0.0398036
0.00244109
0.00132679
0.00114698
----------------
0
32
0.0386471
0.00208346
0.00128824
0.0011471
----------------
1
32
0.0384203
0.00209753
0.00128068
0.00114716
----------------
0
33
0.0382599
0.00201083
0.00127533
0.00114687
----------------
1
33
0.0391095
0.00204978
0.00130365
0.00114756
----------------
0
34
0.0386005
0.00228055
0.00128668
0.00114688
----------------
1
34
0.0363397
0.00146641
0.00121132
0.00114705
----------------
0
35
0.0387313
0.00252691
0.00129104
0.00114646
----------------
1
35
0.0372112
0.00161474
0.00124037
0.00114667
----------------
0
36
0.0384986
0.00195524
0.00128328
0.00114726
----------------
1
36
0.0368966
0.00152063
0.00122989
0.00114925
----------------
0
37
0.039194
0.00213062
0.00130647
0.00114789
----------------
1
37
0.0397077
0.00218672
0.00132359
0.00114612
----------------
0
38
0.040007
0.00212897
0.00133357
0.00114695
----------------
1
38
0.0376692
0.00174111
0.00125564
0.00114663
----------------
0
39
0.0415047
0.00303726
0.00138349
0.00114656
----------------
1
39
0.0391203
0.00180694
0.00130401
0.00114723
----------------
0
40
0.0394216
0.00220707
0.00131405
0.00114715
----------------
1
40
0.0399748
0.00228629
0.00133249
0.00114697
----------------
0
41
0.0402354
0.00251552
0.00134118
0.00114714
----------------
1
41
0.036327
0.00141849
0.0012109
0.00114755
----------------
0
42
0.0414743
0.00240145
0.00138248
0.00114671
----------------
1
42
0.0377134
0.00170297
0.00125711
0.00114932
----------------
0
43
0.0385279
0.00181004
0.00128426
0.00114694
----------------
1
43
0.0376727
0.00181197
0.00125576
0.0011469
----------------
0
44
0.0393736
0.00218739
0.00131245
0.00114887
----------------
1
44
0.0392691
0.00295052
0.00130897
0.0011472
----------------
0
45
0.0385054
0.002047
0.00128351
0.00114765
----------------
1
45
0.037197
0.0016915
0.0012399
0.001147
----------------
0
46
0.0403856
0.00195191
0.00134619
0.00114913
----------------
1
46
0.0402749
0.00221763
0.0013425
0.00114694
----------------
0
47
0.0417176
0.00226276
0.00139059
0.00115021
----------------
1
47
0.0380696
0.00178189
0.00126899
0.00114909
----------------
0
48
0.0419941
0.0022735
0.0013998
0.0011456
----------------
1
48
0.0391055
0.00304302
0.00130352
0.00114726
----------------
0
49
0.0487659
0.00590175
0.00162553
0.00114542
----------------
1
49
0.0392027
0.00182183
0.00130676
0.00114847
----------------
0
50
0.0442189
0.00303257
0.00147396
0.001147
----------------
1
50
0.0372924
0.00180506
0.00124308
0.00114694
----------------
0
51
0.0440041
0.00303892
0.0014668
0.00114863
----------------
1
51
0.0380467
0.00174933
0.00126822
0.00114688
----------------
0
52
0.0422223
0.00284969
0.00140741
0.00114949
----------------
1
52
0.0367059
0.00156665
0.00122353
0.00114918
----------------
0
53
0.0381091
0.0019315
0.0012703
0.00114974
----------------
1
53
0.0416593
0.0028625
0.00138864
0.00114767
----------------
0
54
0.037619
0.00191097
0.00125397
0.00114839
----------------
1
54
0.0366745
0.0015511
0.00122248
0.00114715
----------------
0
55
0.0402703
0.00209125
0.00134234
0.00114687
----------------
1
55
0.0410066
0.00271413
0.00136689
0.00114694
----------------
0
56
0.0377867
0.00157914
0.00125956
0.00114936
----------------
1
56
0.0405441
0.00298687
0.00135147
0.00114732
----------------
0
57
0.039845
0.00239449
0.00132817
0.00114768
----------------
1
57
0.0365981
0.00167318
0.00121994
0.00114667
----------------
0
58
0.0414438
0.00232055
0.00138146
0.00115016
----------------
1
58
0.0378127
0.00180327
0.00126042
0.00114773
----------------
0
59
0.0417162
0.00291592
0.00139054
0.00114871
----------------
1
59
0.0370794
0.00155598
0.00123598
0.001147
----------------
0
60
0.0409852
0.00298079
0.00136617
0.00114701
----------------
1
60
0.0388995
0.00192701
0.00129665
0.00115044
----------------
0
61
0.0387446
0.00184241
0.00129149
0.00114711
----------------
1
61
0.0368203
0.00167326
0.00122734
0.0011469
----------------
0
62
0.0405376
0.00236115
0.00135125
0.00115033
----------------
1
62
0.0402919
0.00214571
0.00134306
0.00114686
----------------
0
63
0.0415248
0.0029109
0.00138416
0.00114701
----------------
1
63
0.0382605
0.00210782
0.00127535
0.00114708
----------------
0
64
0.0429866
0.00226117
0.00143289
0.0011494
----------------
1
64
0.0396729
0.00289496
0.00132243
0.00114661
----------------
0
65
0.0417678
0.00291003
0.00139226
0.00114706
----------------
1
65
0.04245
0.00433442
0.001415
0.00114839
----------------
0
66
0.0378325
0.00166041
0.00126108
0.00114601
----------------
1
66
0.0371592
0.00173575
0.00123864
0.00114701
----------------
0
67
0.0383346
0.00160779
0.00127782
0.00114713
----------------
1
67
0.0384619
0.00191459
0.00128206
0.00114849
----------------
0
68
0.0373581
0.0015199
0.00124527
0.00114912
----------------
1
68
0.0379002
0.00232532
0.00126334
0.00114702
----------------
0
69
0.0375248
0.00160265
0.00125083
0.00115212
----------------
1
69
0.0403084
0.00184883
0.00134361
0.00114653
----------------
0
70
0.0371261
0.00145644
0.00123754
0.00114801
----------------
1
70
0.0378347
0.0022724
0.00126116
0.00114704
----------------
0
71
0.0380293
0.00195137
0.00126764
0.00114659
----------------
1
71
0.0389003
0.00241287
0.00129668
0.00114903
----------------
0
72
0.0374794
0.00162484
0.00124931
0.00114641
----------------
1
72
0.0421441
0.00223323
0.0014048
0.00114706
----------------
0
73
0.0392081
0.00202007
0.00130694
0.0011465
----------------
1
73
0.0369457
0.00151929
0.00123152
0.00114644
----------------
0
74
0.0400645
0.00181744
0.00133548
0.0011472
----------------
1
74
0.0379388
0.00164049
0.00126463
0.00114751
----------------
0
75
0.0403394
0.00260755
0.00134465
0.00114722
----------------
1
75
0.0370366
0.00160237
0.00123455
0.00114658
----------------
0
76
0.0388161
0.00181731
0.00129387
0.00114616
----------------
1
76
0.0382
0.00159167
0.00127333
0.00114602
----------------
0
77
0.0367763
0.00157149
0.00122588
0.00114988
----------------
1
77
0.0369469
0.00175212
0.00123156
0.00114682
----------------
0
78
0.0379441
0.00175557
0.0012648
0.00114932
----------------
1
78
0.0392094
0.00180113
0.00130698
0.00114698
----------------
0
79
0.0396231
0.00216691
0.00132077
0.00114694
----------------
1
79
0.0389683
0.00258944
0.00129894
0.00114715
----------------
0
80
0.0410164
0.00194216
0.00136721
0.0011482
----------------
1
80
0.0394689
0.00217051
0.00131563
0.00114575
----------------
0
81
0.042878
0.00299641
0.00142927
0.00114694
----------------
1
81
0.0383377
0.00165028
0.00127792
0.00114911
----------------
0
82
0.0444119
0.00291942
0.0014804
0.00114735
----------------
1
82
0.0362142
0.00137707
0.00120714
0.00114572
----------------
0
83
0.0457312
0.00738235
0.00152437
0.00114673
----------------
1
83
0.0379383
0.00165861
0.00126461
0.00114647
----------------
0
84
0.040586
0.00381158
0.00135287
0.00114694
----------------
1
84
0.0375593
0.00184685
0.00125198
0.00114712
----------------
0
85
0.0395342
0.00270947
0.00131781
0.00114923
----------------
1
85
0.0402699
0.00303944
0.00134233
0.00114764
----------------
0
86
0.039344
0.00196525
0.00131147
0.00114914
----------------
1
86
0.0378991
0.00255375
0.0012633
0.00114775
----------------
0
87
0.0390808
0.00208037
0.00130269
0.0011523
----------------
1
87
0.0417473
0.00273452
0.00139158
0.00114909
----------------
0
88
0.0406417
0.00275726
0.00135472
0.00114669
----------------
1
88
0.0377607
0.00192061
0.00125869
0.00114668
----------------
0
89
0.0391207
0.00275473
0.00130402
0.0011478
----------------
1
89
0.0376811
0.00230538
0.00125604
0.00114694
----------------
0
90
0.0411603
0.00286256
0.00137201
0.00114723
----------------
1
90
0.039168
0.00194698
0.0013056
0.00115086
----------------
0
91
0.0399852
0.00243889
0.00133284
0.0011492
----------------
1
91
0.0368579
0.00161849
0.0012286
0.00114697
----------------
0
92
0.0411378
0.00294694
0.00137126
0.00114643
----------------
1
92
0.0380397
0.00188695
0.00126799
0.00114908
----------------
0
93
0.041815
0.00304172
0.00139383
0.00114769
----------------
1
93
0.0368631
0.00161898
0.00122877
0.00114773
----------------
0
94
0.0394385
0.00291485
0.00131462
0.0011463
----------------
1
94
0.0403504
0.00228188
0.00134501
0.00114696
----------------
0
95
0.0397141
0.00292924
0.0013238
0.00114658
----------------
1
95
0.0379838
0.00294178
0.00126613
0.00114683
----------------
0
96
0.0436979
0.0029452
0.0014566
0.00114714
----------------
1
96
0.0388241
0.00207904
0.00129414
0.001147
----------------
0
97
0.0419638
0.0029899
0.00139879
0.00114909
----------------
1
97
0.0408118
0.00249351
0.00136039
0.00114705
----------------
0
98
0.0436741
0.00299477
0.0014558
0.00114647
----------------
1
98
0.0377459
0.00222309
0.0012582
0.00114704
----------------
0
99
0.0392581
0.00252077
0.0013086
0.00114639
----------------
1
99
0.0393788
0.00205808
0.00131263
0.00114952
----------------
0
100
0.0401043
0.00303652
0.00133681
0.00114698
----------------
1
100
0.0377455
0.00156413
0.00125818
0.00114959
----------------
0
101
0.0422338
0.00222669
0.00140779
0.0011466
----------------
1
101
0.0394216
0.00225472
0.00131405
0.00114524
----------------
0
102
0.0381057
0.00186338
0.00127019
0.00114729
----------------
1
102
0.0377404
0.00206875
0.00125801
0.00114698
----------------
0
103
0.0402687
0.00194126
0.00134229
0.00114697
----------------
1
103
0.0408248
0.0018791
0.00136083
0.00114691
----------------
0
104
0.041529
0.00303467
0.0013843
0.00114707
----------------
1
104
0.0401295
0.00256329
0.00133765
0.00114862
----------------
0
105
0.0430639
0.0023475
0.00143546
0.0011492
----------------
1
105
0.0391736
0.00279371
0.00130579
0.00114685
----------------
0
106
0.0426354
0.00226247
0.00142118
0.00114708
----------------
1
106
0.0388914
0.00231322
0.00129638
0.00115143
----------------
0
107
0.0392998
0.00183712
0.00130999
0.0011492
----------------
1
107
0.03706
0.00153223
0.00123533
0.00114715
----------------
0
108
0.0418505
0.00195514
0.00139502
0.0011493
----------------
1
108
0.038739
0.00266308
0.0012913
0.001147
----------------
0
109
0.0402461
0.00243815
0.00134154
0.00114724
----------------
1
109
0.037327
0.00159051
0.00124423
0.00115038
----------------
0
110
0.0403452
0.00203746
0.00134484
0.00115006
----------------
1
110
0.039531
0.00213928
0.0013177
0.00114688
----------------
0
111
0.0390897
0.00194602
0.00130299
0.00115088
----------------
1
111
0.0377873
0.00302056
0.00125958
0.00114616
----------------
0
112
0.0404839
0.00196289
0.00134946
0.00114682
----------------
1
112
0.0395633
0.0022399
0.00131878
0.00114706
----------------
0
113
0.0404835
0.00298055
0.00134945
0.00114912
----------------
1
113
0.0405336
0.00239818
0.00135112
0.00114684
----------------
0
114
0.0423971
0.0027057
0.00141324
0.00114709
----------------
1
114
0.0392692
0.00287737
0.00130897
0.00114664
----------------
0
115
0.0428348
0.00293143
0.00142783
0.00114867
----------------
1
115
0.0391611
0.00200202
0.00130537
0.00114896
----------------
0
116
0.0419401
0.00300093
0.001398
0.00114916
----------------
1
116
0.036938
0.00183334
0.00123127
0.00114697
----------------
0
117
0.0393887
0.00200371
0.00131296
0.00114858
----------------
1
117
0.0375851
0.0016014
0.00125284
0.00115306
----------------
0
118
0.0392984
0.00265612
0.00130995
0.00114567
----------------
1
118
0.0370807
0.00166661
0.00123602
0.00114704
----------------
0
119
0.0451812
0.00329973
0.00150604
0.00114647
----------------
1
119
0.0393201
0.00197802
0.00131067
0.00114698
----------------
0
120
0.0471958
0.00327171
0.00157319
0.00114691
----------------
1
120
0.0374709
0.00292901
0.00124903
0.00114546
----------------
0
121
0.0416393
0.00297568
0.00138798
0.00114698
----------------
1
121
0.0392385
0.00191108
0.00130795
0.00114693
----------------
0
122
0.0450724
0.00292356
0.00150241
0.00114693
----------------
1
122
0.0384668
0.00210948
0.00128223
0.00114671
----------------
0
123
0.0450033
0.0029234
0.00150011
0.00114712
----------------
1
123
0.0361665
0.00137625
0.00120555
0.00114667
----------------
0
124
0.049187
0.00254041
0.00163957
0.00114695
----------------
1
124
0.0385761
0.00189394
0.00128587
0.00114696
----------------
0
125
0.045079
0.00235414
0.00150263
0.00115246
----------------
1
125
0.0367487
0.00145197
0.00122496
0.00114751
----------------
0
126
0.0444758
0.00227903
0.00148253
0.0011472
----------------
1
126
0.0388448
0.00155737
0.00129483
0.00114671
----------------
0
127
0.0405601
0.00226896
0.001352
0.00115143
----------------
1
127
0.037987
0.00272815
0.00126623
0.001147
----------------
0
128
0.0416058
0.00214575
0.00138686
0.00114749
----------------
1
128
0.0412421
0.00240173
0.00137474
0.00115186
----------------
0
129
0.0443368
0.00299239
0.00147789
0.00114751
----------------
1
129
0.0388822
0.00255469
0.00129607
0.00114687
----------------
0
130
0.0457442
0.00299842
0.00152481
0.00114715
----------------
1
130
0.0386549
0.00233864
0.0012885
0.00114654
----------------
0
131
0.04843
0.00300748
0.00161433
0.00115048
----------------
1
131
0.0386131
0.00231193
0.0012871
0.00114709
----------------
0
132
0.0466388
0.00303604
0.00155463
0.00114682
----------------
1
132
0.0374638
0.00162107
0.00124879
0.00114729
----------------
0
133
0.041737
0.0025615
0.00139123
0.00114703
----------------
1
133
0.0382337
0.0019666
0.00127446
0.00114698
----------------
0
134
0.040722
0.00289196
0.0013574
0.00114735
----------------
1
134
0.0382357
0.00228064
0.00127452
0.00114921
----------------
0
135
0.0406863
0.00232506
0.00135621
0.00114748
----------------
1
135
0.0401828
0.00203908
0.00133943
0.00114675
----------------
0
136
0.0385789
0.00226314
0.00128596
0.00114555
----------------
1
136
0.037931
0.00216171
0.00126437
0.00114723
----------------
0
137
0.0402655
0.0025932
0.00134218
0.00114686
----------------
1
137
0.0408514
0.00217672
0.00136171
0.00114701
----------------
0
138
0.0394417
0.00196787
0.00131472
0.00114757
----------------
1
138
0.0408721
0.00226078
0.0013624
0.00114704
----------------
0
139
0.0395079
0.00236139
0.00131693
0.00114707
----------------
1
139
0.037076
0.0016343
0.00123587
0.00114684
----------------
0
140
0.0411228
0.00239616
0.00137076
0.00115221
----------------
1
140
0.0391149
0.00190723
0.00130383
0.0011483
----------------
0
141
0.0395302
0.00193372
0.00131767
0.00114713
----------------
1
141
0.0380171
0.00228627
0.00126724
0.00114688
----------------
0
142
0.0374674
0.001516
0.00124891
0.00114733
----------------
1
142
0.0399458
0.00298153
0.00133153
0.00114708
----------------
0
143
0.0388763
0.00181532
0.00129588
0.0011466
----------------
1
143
0.0370423
0.00212995
0.00123474
0.00114909
----------------
0
144
0.0394664
0.0026739
0.00131555
0.00114667
----------------
1
144
0.0398955
0.00200865
0.00132985
0.00114682
----------------
0
145
0.0396211
0.00178085
0.0013207
0.0011488
----------------
1
145
0.0383619
0.00213534
0.00127873
0.00114706
----------------
0
146
0.0403541
0.00255306
0.00134514
0.00114702
----------------
1
146
0.0371573
0.00196592
0.00123858
0.00114684
----------------
0
147
0.040086
0.00230966
0.0013362
0.00114696
----------------
1
147
0.0396162
0.002061
0.00132054
0.00115207
----------------
0
148
0.0378748
0.00240807
0.00126249
0.00114701
----------------
1
148
0.0376465
0.00172938
0.00125488
0.00114685
----------------
0
149
0.0371444
0.00168147
0.00123815
0.001147
----------------
1
149
0.038103
0.00212618
0.0012701
0.00114664
----------------
0
150
0.0386994
0.00194845
0.00128998
0.00114729
----------------
1
150
0.0368926
0.00161604
0.00122975
0.00114775
----------------
0
151
0.0387885
0.00179754
0.00129295
0.00114686
----------------
1
151
0.0410845
0.00231611
0.00136948
0.00114733
----------------
0
152
0.0379414
0.00200004
0.00126471
0.00114699
----------------
1
152
0.0374995
0.00149989
0.00124998
0.00114758
----------------
0
153
0.0377601
0.00168796
0.00125867
0.00114916
----------------
1
153
0.039918
0.00283052
0.0013306
0.00114654
----------------
0
154
0.0376499
0.00230212
0.001255
0.00114696
----------------
1
154
0.0399994
0.00229154
0.00133331
0.00114942
----------------
0
155
0.0391844
0.00280349
0.00130615
0.00114692
----------------
1
155
0.0374427
0.00165127
0.00124809
0.00114714
----------------
0
156
0.0403876
0.00284822
0.00134625
0.00114811
----------------
1
156
0.0375955
0.00150912
0.00125318
0.00114793
----------------
0
157
0.0386392
0.00248865
0.00128797
0.00114601
----------------
1
157
0.037869
0.00193162
0.0012623
0.00114671
----------------
0
158
0.0404203
0.00201339
0.00134734
0.00114701
----------------
1
158
0.0383693
0.00156173
0.00127898
0.00114669
----------------
0
159
0.0405735
0.00237727
0.00135245
0.00114738
----------------
1
159
0.0366996
0.00162904
0.00122332
0.00114621
----------------
0
160
0.041947
0.00203238
0.00139823
0.00115152
----------------
1
160
0.0420598
0.00293936
0.00140199
0.00115166
----------------
0
161
0.0416536
0.00226278
0.00138845
0.00114643
----------------
1
161
0.0382526
0.00206272
0.00127509
0.00114684
----------------
0
162
0.0421469
0.00293048
0.0014049
0.00114689
----------------
1
162
0.0382095
0.00210697
0.00127365
0.00114482
----------------
0
163
0.0402293
0.00255951
0.00134098
0.00114526
----------------
1
163
0.038903
0.00249749
0.00129677
0.0011485
----------------
0
164
0.0397905
0.00213313
0.00132635
0.00114529
----------------
1
164
0.037966
0.00205972
0.00126553
0.00114641
----------------
0
165
0.0378801
0.00164235
0.00126267
0.00114725
----------------
1
165
0.0387124
0.00167674
0.00129041
0.00114703
----------------
0
166
0.0384426
0.00175439
0.00128142
0.00114697
----------------
1
166
0.0371582
0.00151946
0.00123861
0.00114916
----------------
0
167
0.039287
0.00195254
0.00130957
0.00114695
----------------
1
167
0.041279
0.00240497
0.00137597
0.00114636
----------------
0
168
0.0375341
0.00181177
0.00125114
0.00114628
----------------
1
168
0.0381178
0.00260308
0.00127059
0.00114668
----------------
0
169
0.0400601
0.00295821
0.00133534
0.00114699
----------------
1
169
0.0405144
0.00259375
0.00135048
0.00114699
----------------
0
170
0.0383689
0.00175801
0.00127896
0.00114713
----------------
1
170
0.0417131
0.00256141
0.00139044
0.00114718
----------------
0
171
0.0381942
0.0017794
0.00127314
0.0011482
----------------
1
171
0.0373112
0.00152278
0.00124371
0.00114619
----------------
0
172
0.0382922
0.0015048
0.00127641
0.00114903
----------------
1
172
0.0376427
0.00170595
0.00125476
0.00114742
----------------
0
173
0.0380201
0.00169331
0.00126734
0.00114698
----------------
1
173
0.0373296
0.00175197
0.00124432
0.00114751
----------------
0
174
0.0381653
0.0017331
0.00127218
0.00114696
----------------
1
174
0.0383472
0.00188497
0.00127824
0.00115108
----------------
0
175
0.0373806
0.00149904
0.00124602
0.00114697
----------------
1
175
0.0369158
0.00163389
0.00123053
0.00114705
----------------
0
176
0.0396336
0.00178612
0.00132112
0.00114667
----------------
1
176
0.0408889
0.00222217
0.00136296
0.00114727
----------------
0
177
0.0396607
0.00243467
0.00132202
0.00114642
----------------
1
177
0.0383319
0.00217399
0.00127773
0.00114917
----------------
0
178
0.0402466
0.00209884
0.00134155
0.00114694
----------------
1
178
0.0370157
0.00154786
0.00123386
0.00114605
----------------
0
179
0.0417553
0.00204426
0.00139184
0.00114694
----------------
1
179
0.0385406
0.0026634
0.00128469
0.00114991
----------------
0
180
0.0399169
0.00282589
0.00133056
0.00114685
----------------
1
180
0.0371869
0.00156855
0.00123956
0.001147
----------------
0
181
0.0394754
0.00188535
0.00131585
0.00114917
----------------
1
181
0.0400165
0.00295156
0.00133388
0.00114909
----------------
0
182
0.0384696
0.00174945
0.00128232
0.00114702
----------------
1
182
0.0374795
0.00165038
0.00124932
0.00114919
----------------
0
183
0.0390495
0.00211317
0.00130165
0.00114925
----------------
1
183
0.0422346
0.00272981
0.00140782
0.00114759
----------------
0
184
0.0418938
0.00296538
0.00139646
0.00114699
----------------
1
184
0.0361278
0.00135135
0.00120426
0.00114691
----------------
0
185
0.0398693
0.002219
0.00132898
0.00114645
----------------
1
185
0.0386339
0.00195533
0.0012878
0.00114888
----------------
0
186
0.0389007
0.00203034
0.00129669
0.00114936
----------------
1
186
0.0412245
0.00223552
0.00137415
0.001147
----------------
0
187
0.0428518
0.00274857
0.00142839
0.00114727
----------------
1
187
0.0367672
0.00162743
0.00122557
0.00114689
----------------
0
188
0.0452138
0.00228856
0.00150713
0.00114923
----------------
1
188
0.0379589
0.0015699
0.0012653
0.00114905
----------------
0
189
0.0413878
0.00300065
0.00137959
0.00114691
----------------
1
189
0.0376901
0.00184339
0.00125634
0.00114698
----------------
0
190
0.0433807
0.00303061
0.00144602
0.00114688
----------------
1
190
0.0387556
0.0017177
0.00129185
0.00115185
----------------
0
191
0.0394112
0.00195468
0.00131371
0.00114612
----------------
1
191
0.0370347
0.00164702
0.00123449
0.00114692
----------------
0
192
0.037093
0.00176357
0.00123643
0.00114729
----------------
1
192
0.03947
0.00189662
0.00131567
0.0011469
----------------
0
193
0.0365512
0.00156845
0.00121837
0.00114692
----------------
1
193
0.0397038
0.00294588
0.00132346
0.00114697
----------------
0
194
0.0370999
0.00146875
0.00123666
0.00115102
----------------
1
194
0.0391186
0.00245799
0.00130395
0.00114667
----------------
0
195
0.0400538
0.0030446
0.00133513
0.00114701
----------------
1
195
0.039449
0.00190475
0.00131497
0.00114692
----------------
0
196
0.0395727
0.00298167
0.00131909
0.00114702
----------------
1
196
0.0377949
0.00179564
0.00125983
0.00114825
----------------
0
197
0.0392458
0.00304357
0.00130819
0.00115041
----------------
1
197
0.0389254
0.00207962
0.00129751
0.0011471
----------------
0
198
0.0426591
0.0030447
0.00142197
0.00114922
----------------
1
198
0.0368593
0.00158234
0.00122864
0.00114659
----------------
0
199
0.0465248
0.00304317
0.00155083
0.00114697
----------------
1
199
0.039466
0.00199676
0.00131553
0.0011469
----------------
0
200
0.0429669
0.00320816
0.00143223
0.00114689
----------------
1
200
0.03663
0.00148022
0.001221
0.00114607
----------------
0
201
0.0458549
0.00331953
0.0015285
0.00114694
----------------
1
201
0.0380497
0.00171969
0.00126832
0.00114688
----------------
0
202
0.0474457
0.00304283
0.00158152
0.00114931
----------------
1
202
0.0415733
0.00274913
0.00138578
0.00114488
----------------
0
203
0.0536748
0.00641165
0.00178916
0.00114726
----------------
1
203
0.0368657
0.00158333
0.00122886
0.00114692
----------------
0
204
0.0528662
0.00304281
0.00176221
0.0011519
----------------
1
204
0.0378613
0.00155415
0.00126204
0.00114693
----------------
0
205
0.0610201
0.00788628
0.002034
0.00115041
----------------
1
205
0.0376396
0.00169383
0.00125465
0.00114693
----------------
0
206
0.0526177
0.00545203
0.00175392
0.00114699
----------------
1
206
0.0380749
0.00196795
0.00126916
0.00114839
----------------
0
207
0.0465158
0.00304526
0.00155053
0.00114772
----------------
1
207
0.0369897
0.00160786
0.00123299
0.00114701
----------------
0
208
0.0492409
0.00304195
0.00164136
0.00114872
----------------
1
208
0.0397057
0.00239171
0.00132352
0.00114739
----------------
0
209
0.0520347
0.0030421
0.00173449
0.00114643
----------------
1
209
0.0378742
0.00182653
0.00126247
0.00114661
----------------
0
210
0.0560034
0.00304609
0.00186678
0.00115235
----------------
1
210
0.0400113
0.00212675
0.00133371
0.00114701
----------------
0
211
0.0497345
0.00304553
0.00165782
0.00114697
----------------
1
211
0.0402002
0.00222488
0.00134001
0.00114697
----------------
0
212
0.047675
0.00303959
0.00158917
0.00114761
----------------
1
212
0.0363372
0.00145526
0.00121124
0.00114895
----------------
0
213
0.0492177
0.00304486
0.00164059
0.0011502
----------------
1
213
0.0380894
0.00149272
0.00126965
0.00114915
----------------
0
214
0.0444935
0.00304289
0.00148312
0.0011533
----------------
1
214
0.0378351
0.00156881
0.00126117
0.00114627
----------------
0
215
0.04558
0.00303755
0.00151933
0.00114731
----------------
1
215
0.0394297
0.00242515
0.00131432
0.00114917
----------------
0
216
0.0477005
0.00304157
0.00159002
0.00115898
----------------
1
216
0.0372827
0.00164347
0.00124276
0.00114703
----------------
0
217
0.0495197
0.00304021
0.00165066
0.00114919
----------------
1
217
0.0404518
0.00223524
0.00134839
0.00114693
----------------
0
218
0.0435481
0.00258132
0.0014516
0.00114901
----------------
1
218
0.0388103
0.00300454
0.00129368
0.00114556
----------------
0
219
0.0434699
0.0030497
0.001449
0.00114722
----------------
1
219
0.0368417
0.00162275
0.00122806
0.00114697
----------------
0
220
0.0466096
0.00308236
0.00155365
0.00114697
----------------
1
220
0.0399815
0.00192351
0.00133272
0.00115214
----------------
0
221
0.0443564
0.00303872
0.00147855
0.00114928
----------------
1
221
0.0385452
0.00260049
0.00128484
0.00114699
----------------
0
222
0.0498232
0.00304162
0.00166077
0.00114901
----------------
1
222
0.038695
0.00243343
0.00128983
0.00114654
----------------
0
223
0.0454656
0.0027534
0.00151552
0.00114699
----------------
1
223
0.0383254
0.00187119
0.00127751
0.00114938
----------------
0
224
0.0389193
0.00189605
0.00129731
0.00114851
----------------
1
224
0.0402051
0.00226378
0.00134017
0.00114697
----------------
0
225
0.0379176
0.00161478
0.00126392
0.00114704
----------------
1
225
0.0373349
0.00203153
0.0012445
0.0011467
----------------
0
226
0.0416414
0.00304277
0.00138805
0.00114693
----------------
1
226
0.0393552
0.00199747
0.00131184
0.00114688
----------------
0
227
0.0430121
0.0029781
0.00143374
0.00114912
----------------
1
227
0.0398896
0.00218263
0.00132965
0.00114708
----------------
0
228
0.0439355
0.00299341
0.00146452
0.0011464
----------------
1
228
0.0363765
0.00142296
0.00121255
0.00114718
----------------
0
229
0.0402876
0.00207523
0.00134292
0.0011469
----------------
1
229
0.037235
0.00142815
0.00124117
0.00114924
----------------
0
230
0.0388722
0.00173048
0.00129574
0.00114737
----------------
1
230
0.0378415
0.00165951
0.00126138
0.00114773
----------------
0
231
0.0416302
0.00293345
0.00138767
0.00114917
----------------
1
231
0.0384323
0.00193499
0.00128108
0.00114707
----------------
0
232
0.0404018
0.00225776
0.00134673
0.00114938
----------------
1
232
0.0376371
0.0017655
0.00125457
0.001147
----------------
0
233
0.0378322
0.00164818
0.00126107
0.00114984
----------------
1
233
0.0384881
0.00175366
0.00128294
0.00114693
----------------
0
234
0.0410027
0.00199607
0.00136676
0.00114799
----------------
1
234
0.0408102
0.00283806
0.00136034
0.00114764
----------------
0
235
0.0431068
0.00302363
0.00143689
0.00114885
----------------
1
235
0.0365703
0.00140623
0.00121901
0.00114701
----------------
0
236
0.0465282
0.00304516
0.00155094
0.00114934
----------------
1
236
0.0393237
0.00190205
0.00131079
0.00114708
----------------
0
237
0.0478168
0.00304071
0.00159389
0.00114713
----------------
1
237
0.0377526
0.00196683
0.00125842
0.00114557
----------------
0
238
0.046752
0.0030037
0.0015584
0.00114703
----------------
1
238
0.0390219
0.00294126
0.00130073
0.00114756
----------------
0
239
0.0395562
0.00248203
0.00131854
0.0011472
----------------
1
239
0.0366961
0.00176483
0.0012232
0.00114914
----------------
0
240
0.0409899
0.00302678
0.00136633
0.00114697
----------------
1
240
0.0405905
0.00221996
0.00135302
0.00114693
----------------
0
241
0.0364405
0.00157932
0.00121468
0.00114696
----------------
1
241
0.037503
0.001769
0.0012501
0.00114676
----------------
0
242
0.0372701
0.00183301
0.00124234
0.00114818
----------------
1
242
0.0390316
0.00180074
0.00130105
0.00114846
----------------
0
243
0.0389924
0.00227654
0.00129975
0.00114702
----------------
1
243
0.0395776
0.00211756
0.00131925
0.00114883
----------------
0
244
0.0370328
0.00170802
0.00123443
0.00114817
----------------
1
244
0.0371139
0.00234249
0.00123713
0.00114684
----------------
0
245
0.0394101
0.0021871
0.00131367
0.00114729
----------------
1
245
0.0377924
0.00171792
0.00125975
0.00114703
----------------
0
246
0.0369236
0.00148616
0.00123079
0.00114667
----------------
1
246
0.0376573
0.00165123
0.00125524
0.0011477
----------------
0
247
0.0374671
0.00161359
0.0012489
0.00114692
----------------
1
247
0.0386416
0.00179515
0.00128805
0.00114563
----------------
0
248
0.0385082
0.00187871
0.00128361
0.00114829
----------------
1
248
0.0375677
0.00224828
0.00125226
0.00114719
----------------
0
249
0.0406804
0.00281971
0.00135601
0.00114687
----------------
1
249
0.0407694
0.00190943
0.00135898
0.00114699
----------------
0
250
0.0399428
0.00293078
0.00133143
0.00114693
----------------
1
250
0.0394401
0.00302772
0.00131467
0.00114924
----------------
0
251
0.0462399
0.00304311
0.00154133
0.001147
----------------
1
251
0.0378392
0.00170466
0.00126131
0.00114711
----------------
0
252
0.0503925
0.00305088
0.00167975
0.00114738
----------------
1
252
0.0400584
0.00271793
0.00133528
0.00114857
----------------
0
253
0.0499236
0.00304889
0.00166412
0.00114918
----------------
1
253
0.0377902
0.00182435
0.00125967
0.00114574
----------------
0
254
0.0457993
0.0030429
0.00152664
0.00114907
----------------
1
254
0.0389123
0.00160695
0.00129708
0.0011487
----------------
0
255
0.0504714
0.00304974
0.00168238
0.00114616
----------------
1
255
0.0367473
0.00155036
0.00122491
0.00114687
----------------
0
256
0.0489013
0.00304205
0.00163004
0.00115408
----------------
1
256
0.0394845
0.00209771
0.00131615
0.00114671
----------------
0
257
0.0452184
0.00303837
0.00150728
0.00114749
----------------
1
257
0.0363103
0.001394
0.00121034
0.00114708
----------------
0
258
0.0429935
0.00302998
0.00143312
0.0011492
----------------
1
258
0.0398813
0.00300396
0.00132938
0.00114741
----------------
0
259
0.0391539
0.00185322
0.00130513
0.00114938
----------------
1
259
0.0401663
0.00204819
0.00133888
0.00114869
----------------
0
260
0.0389159
0.00194217
0.0012972
0.00114696
----------------
1
260
0.0363519
0.00134981
0.00121173
0.00114687
----------------
0
261
0.0397109
0.00228354
0.0013237
0.00114725
----------------
1
261
0.038308
0.00164925
0.00127693
0.00114809
----------------
0
262
0.0381185
0.00181978
0.00127062
0.00114698
----------------
1
262
0.037696
0.00164491
0.00125653
0.00114732
----------------
0
263
0.0379051
0.00159861
0.0012635
0.00114693
----------------
1
263
0.0386662
0.00218732
0.00128887
0.0011491
----------------
0
264
0.03803
0.00171976
0.00126767
0.0011468
----------------
1
264
0.0371397
0.00168264
0.00123799
0.00114696