----------------
0
1
0.0376453
0.00182612
0.00125484
0.00114698
----------------
1
1
0.0395222
0.00223983
0.00131741
0.00114951
----------------
0
2
0.0377974
0.00150965
0.00125991
0.00114581
----------------
1
2
0.0369395
0.00206126
0.00123132
0.00114432
----------------
0
3
0.0377844
0.00164316
0.00125948
0.00114784
----------------
1
3
0.0374889
0.00182538
0.00124963
0.00114711
----------------
0
4
0.0390924
0.0018768
0.00130308
0.00114515
----------------
1
4
0.0380292
0.003042
0.00126764
0.00114686
----------------
0
5
0.0379117
0.00171732
0.00126372
0.00114629
----------------
1
5
0.0379624
0.00163994
0.00126541
0.0011492
----------------
0
6
0.0401851
0.0030539
0.0013395
0.00114631
----------------
1
6
0.0388517
0.00160989
0.00129506
0.00114945
----------------
0
7
0.0389389
0.00300997
0.00129796
0.00114684
----------------
1
7
0.0377723
0.00160208
0.00125908
0.00114659
----------------
0
8
0.0402157
0.00318237
0.00134052
0.00114704
----------------
1
8
0.03696
0.00192806
0.001232
0.00114702
