----------------
0
1
0.0367479
0.0018157
0.00122493
0.00114918
----------------
1
1
0.0368992
0.00156468
0.00122997
0.00114689
----------------
0
2
0.0381347
0.0018464
0.00127116
0.00114799
----------------
1
2
0.0403686
0.00296734
0.00134562
0.00114726
----------------
0
3
0.0375165
0.00177386
0.00125055
0.00114688
----------------
1
3
0.039052
0.00174679
0.00130173
0.001147
----------------
0
4
0.0392226
0.00216791
0.00130742
0.00114932
----------------
1
4
0.0390892
0.00190956
0.00130297
0.00114688
----------------
0
5
0.0392399
0.00232758
0.001308
0.00114698
----------------
1
5
0.0377297
0.00172342
0.00125766
0.00114687
----------------
0
6
0.0388905
0.00177374
0.00129635
0.0011471
----------------
1
6
0.0364549
0.0014014
0.00121516
0.00114707
----------------
0
7
0.0407059
0.00252399
0.00135686
0.00114875
----------------
1
7
0.0384548
0.00186652
0.00128183
0.0011477
----------------
0
8
0.040977
0.00217152
0.0013659
0.00114729
----------------
1
8
0.0362067
0.00141344
0.00120689
0.00114685
----------------
0
9
0.0400571
0.00185097
0.00133524
0.00114659
----------------
1
9
0.0402901
0.00203623
0.001343
0.00115069
----------------
0
10
0.0385623
0.00181358
0.00128541
0.00114695
----------------
1
10
0.0376784
0.00243339
0.00125595
0.00114698
