----------------
0
1
0.0391308
0.00181078
0.00130436
0.00114913
----------------
1
1
0.0381173
0.00174938
0.00127058
0.00114766
----------------
0
2
0.0373592
0.00157525
0.00124531
0.00114907
----------------
1
2
0.0369151
0.00171956
0.0012305
0.00114645
----------------
0
3
0.0379651
0.00180801
0.0012655
0.00114683
----------------
1
3
0.0370531
0.00163487
0.0012351
0.0011471
----------------
0
4
0.0375228
0.00179611
0.00125076
0.00114737
----------------
1
4
0.0393965
0.00185245
0.00131322
0.00114689
----------------
0
5
0.036971
0.0016499
0.00123237
0.00114703
----------------
1
5
0.0390619
0.00186256
0.00130206
0.00114707
----------------
0
6
0.0382925
0.00151439
0.00127642
0.00114728
----------------
1
6
0.0364214
0.00148534
0.00121405
0.00114687
----------------
0
7
0.0388182
0.00186686
0.00129394
0.00114692
----------------
1
7
0.0368917
0.00146594
0.00122972
0.00114832
----------------
0
8
0.0376917
0.00180527
0.00125639
0.00114693
----------------
1
8
0.0384681
0.00180072
0.00128227
0.00115144
----------------
0
9
0.0397065
0.00215009
0.00132355
0.00114858
----------------
1
9
0.0368111
0.00172432
0.00122704
0.00114749
----------------
0
10
0.0373085
0.00155742
0.00124362
0.00114734
----------------
1
10
0.038482
0.0018081
0.00128273
0.00114396
----------------
0
11
0.0378899
0.00167372
0.001263
0.00115224
----------------
1
11
0.0386924
0.00186966
0.00128975
0.00114675
----------------
0
12
0.038503
0.00228876
0.00128343
0.00114718
----------------
1
12
0.0372968
0.0014587
0.00124323
0.00114612
----------------
0
13
0.038337
0.00180679
0.0012779
0.00114689
----------------
1
13
0.0374278
0.00176795
0.00124759
0.0011494
----------------
0
14
0.0367916
0.00162723
0.00122639
0.001147
----------------
1
14
0.0380459
0.00187092
0.0012682
0.00114697
----------------
0
15
0.0382497
0.00159565
0.00127499
0.00114722
----------------
1
15
0.0397854
0.00186832
0.00132618
0.0011469
----------------
0
16
0.0378234
0.00156263
0.00126078
0.00114917
----------------
1
16
0.0384471
0.00206097
0.00128157
0.00114663
----------------
0
17
0.0381469
0.00170857
0.00127156
0.00114704
----------------
1
17
0.0405909
0.00214276
0.00135303
0.00115221
----------------
0
18
0.0372827
0.0017726
0.00124276
0.00114679
----------------
1
18
0.0396606
0.00222012
0.00132202
0.00114691
----------------
0
19
0.0388709
0.00187546
0.0012957
0.00114688
----------------
1
19
0.0368961
0.001639
0.00122987
0.00114926
----------------
0
20
0.0374797
0.00161367
0.00124932
0.00114686
----------------
1
20
0.0366394
0.0017253
0.00122131
0.00114663
----------------
0
21
0.0389649
0.00187311
0.00129883
0.00114695
----------------
1
21
0.0392954
0.00186869
0.00130985
0.00114692
----------------
0
22
0.0377702
0.00159843
0.00125901
0.00114705
----------------
1
22
0.0363084
0.0013725
0.00121028
0.00114696
----------------
0
23
0.0372019
0.00151751
0.00124006
0.00114912
----------------
1
23
0.040122
0.00300557
0.0013374
0.00114696
----------------
0
24
0.0381313
0.00196715
0.00127104
0.00114697
----------------
1
24
0.0377165
0.00161637
0.00125722
0.0011468
----------------
0
25
0.0388272
0.00193955
0.00129424
0.00114729
----------------
1
25
0.0370416
0.00165819
0.00123472
0.00114673
----------------
0
26
0.0369421
0.00153306
0.0012314
0.00114911
----------------
1
26
0.0367577
0.0015539
0.00122526
0.00114743
----------------
0
27
0.0392369
0.0021861
0.0013079
0.00114695
----------------
1
27
0.038748
0.00175554
0.0012916
0.0011481
----------------
0
28
0.0387044
0.00198521
0.00129015
0.00114702
----------------
1
28
0.0381465
0.00185826
0.00127155
0.00114688
----------------
0
29
0.0376667
0.00180104
0.00125556
0.00114705
----------------
1
29
0.0366305
0.00143522
0.00122102
0.00114697
----------------
0
30
0.0372788
0.00165316
0.00124263
0.0011466
----------------
1
30
0.0366516
0.00159978
0.00122172
0.00114964
----------------
0
31
0.037154
0.00147357
0.00123847
0.00114728
----------------
1
31
0.0395833
0.00180673
0.00131944
0.00114526
----------------
0
32
0.0383687
0.00167801
0.00127896
0.0011473
----------------
1
32
0.0368634
0.00180454
0.00122878
0.00114695
----------------
0
33
0.0389025
0.00185992
0.00129675
0.00114707
----------------
1
33
0.0375623
0.00180577
0.00125208
0.00114691
----------------
0
34
0.0394698
0.00203337
0.00131566
0.0011502
----------------
1
34
0.0381227
0.00186691
0.00127076
0.00114715
----------------
0
35
0.0375143
0.00167361
0.00125048
0.00114693
----------------
1
35
0.0374506
0.00174268
0.00124835
0.00114695
----------------
0
36
0.0377072
0.00186684
0.00125691
0.00114699
----------------
1
36
0.0363895
0.00159395
0.00121298
0.00114948
----------------
0
37
0.0373349
0.00180398
0.0012445
0.001147
----------------
1
37
0.0382522
0.00211203
0.00127507
0.00114734
----------------
0
38
0.038239
0.00172246
0.00127463
0.00114696
----------------
1
38
0.0387956
0.00187015
0.00129319
0.00114691
----------------
0
39
0.0393463
0.00186849
0.00131154
0.00114722
----------------
1
39
0.0363315
0.00170222
0.00121105
0.00114707
----------------
0
40
0.0376029
0.00173554
0.00125343
0.00114545
----------------
1
40
0.0364618
0.00144396
0.00121539
0.00114923
----------------
0
41
0.0385473
0.00186804
0.00128491
0.00114693
----------------
1
41
0.038703
0.00168117
0.0012901
0.00114708
----------------
0
42
0.0392249
0.00187164
0.0013075
0.0011474
----------------
1
42
0.0371007
0.00158936
0.00123669
0.0011466
----------------
0
43
0.0377626
0.00180686
0.00125875
0.00114568
----------------
1
43
0.0393702
0.00212987
0.00131234
0.00114893
----------------
0
44
0.0382316
0.00177733
0.00127439
0.00114798
----------------
1
44
0.0384796
0.00172344
0.00128265
0.00114949
----------------
0
45
0.038693
0.00174742
0.00128977
0.00114838
----------------
1
45
0.0383494
0.00169998
0.00127831
0.00115037
----------------
0
46
0.0388896
0.00187352
0.00129632
0.00114564
----------------
1
46
0.04008
0.00186826
0.001336
0.00115095
----------------
0
47
0.0376351
0.00186667
0.0012545
0.00114703
----------------
1
47
0.0378133
0.00175983
0.00126044
0.0011456
----------------
0
48
0.0374114
0.00164744
0.00124705
0.00114588
----------------
1
48
0.0373971
0.00168078
0.00124657
0.00114685
----------------
0
49
0.038547
0.00186714
0.0012849
0.0011491
----------------
1
49
0.0379458
0.00180333
0.00126486
0.00114693
----------------
0
50
0.038142
0.00181986
0.0012714
0.00114697
----------------
1
50
0.0372566
0.00187613
0.00124189
0.00114526
----------------
0
51
0.039151
0.00241846
0.00130503
0.00114695
----------------
1
51
0.0389463
0.00168944
0.00129821
0.00114952
----------------
0
52
0.0381092
0.00193454
0.00127031
0.00114631
----------------
1
52
0.0376286
0.00152565
0.00125429
0.001147
----------------
0
53
0.0375692
0.00194094
0.00125231
0.00114624
----------------
1
53
0.0397862
0.00197481
0.00132621
0.00114626
----------------
0
54
0.039122
0.0017805
0.00130407
0.00114853
----------------
1
54
0.0382134
0.00187011
0.00127378
0.00114583
----------------
0
55
0.0376256
0.0016433
0.00125419
0.0011477
----------------
1
55
0.0368182
0.0014905
0.00122727
0.00114671
----------------
0
56
0.0378197
0.00180683
0.00126066
0.00114699
----------------
1
56
0.0364753
0.00143652
0.00121584
0.00114797
----------------
0
57
0.0373275
0.00212813
0.00124425
0.00114762
----------------
1
57
0.0396201
0.00180671
0.00132067
0.00114684
----------------
0
58
0.0362531
0.00143089
0.00120844
0.00114832
----------------
1
58
0.0371259
0.00160308
0.00123753
0.00114649
----------------
0
59
0.0377991
0.0018613
0.00125997
0.0011492
----------------
1
59
0.0384537
0.00186702
0.00128179
0.00114718
----------------
0
60
0.0375958
0.001562
0.00125319
0.00114702
----------------
1
60
0.0379003
0.0016624
0.00126334
0.00114741
----------------
0
61
0.0383181
0.00173436
0.00127727
0.00114699
----------------
1
61
0.040011
0.00186548
0.0013337
0.00114692
----------------
0
62
0.0399507
0.00183865
0.00133169
0.00114688
----------------
1
62
0.038664
0.00187119
0.0012888
0.00114691
----------------
0
63
0.0372217
0.00166791
0.00124072
0.00114743
----------------
1
63
0.0373524
0.00187321
0.00124508
0.00114704
----------------
0
64
0.0372159
0.00186766
0.00124053
0.00114841
----------------
1
64
0.0375309
0.00162539
0.00125103
0.00114714
----------------
0
65
0.0377381
0.00146875
0.00125794
0.00114766
----------------
1
65
0.03759
0.00279222
0.001253
0.00114632
----------------
0
66
0.0366597
0.00146096
0.00122199
0.00114708
----------------
1
66
0.038046
0.0018036
0.0012682
0.00114681
----------------
0
67
0.039048
0.00186748
0.0013016
0.00114686
----------------
1
67
0.0382443
0.00192588
0.00127481
0.00114698
