----------------
0
1
0.0377167
0.00146878
0.00125722
0.00114664
----------------
1
1
0.0421174
0.0028412
0.00140391
0.00114685
----------------
0
2
0.0391282
0.00276954
0.00130427
0.00114702
----------------
1
2
0.0374923
0.00184723
0.00124974
0.00114862
----------------
0
3
0.0360391
0.00143162
0.0012013
0.00114698
----------------
1
3
0.0377282
0.00175645
0.00125761
0.00114682
----------------
0
4
0.0374534
0.00200814
0.00124845
0.00114742
----------------
1
4
0.0357877
0.00129033
0.00119292
0.00114704
----------------
0
5
0.0404512
0.00299447
0.00134837
0.00114869
----------------
1
5
0.0381046
0.00211916
0.00127015
0.00114706
----------------
0
6
0.0392318
0.00264871
0.00130773
0.00114692
----------------
1
6
0.037301
0.00186028
0.00124337
0.0011492
----------------
0
7
0.0390856
0.00303422
0.00130285
0.00114718
----------------
1
7
0.0370563
0.00167272
0.00123521
0.00114702
----------------
0
8
0.0375576
0.00158363
0.00125192
0.00114702
----------------
1
8
0.0365572
0.00139926
0.00121857
0.00114647
----------------
0
9
0.0405432
0.00303266
0.00135144
0.00114694
----------------
1
9
0.0372051
0.00147818
0.00124017
0.00114664
----------------
0
10
0.0385478
0.00180963
0.00128493
0.00114666
----------------
1
10
0.0367664
0.00156304
0.00122555
0.00114695
----------------
0
11
0.0370747
0.00161827
0.00123582
0.00114661
----------------
1
11
0.0370342
0.00172762
0.00123447
0.00114693
----------------
0
12
0.0362667
0.00145947
0.00120889
0.00114722
----------------
1
12
0.0405578
0.00228339
0.00135193
0.00114696
----------------
0
13
0.035653
0.00139477
0.00118843
0.00114772
----------------
1
13
0.0372099
0.00205545
0.00124033
0.00114632
----------------
0
14
0.0357004
0.00132504
0.00119001
0.001147
----------------
1
14
0.0370718
0.00155243
0.00123573
0.00114706
----------------
0
15
0.0358825
0.00149011
0.00119608
0.00114713
----------------
1
15
0.0370233
0.00158051
0.00123411
0.00114694
----------------
0
16
0.0361144
0.00143767
0.00120381
0.00114686
----------------
1
16
0.0366475
0.0015717
0.00122158
0.0011472
----------------
0
17
0.0394123
0.00209553
0.00131374
0.00114702
----------------
1
17
0.0383049
0.0017079
0.00127683
0.00114732
----------------
0
18
0.0386573
0.00237316
0.00128858
0.00114699
----------------
1
18
0.0367977
0.00161825
0.00122659
0.00114708
----------------
0
19
0.0380799
0.00204265
0.00126933
0.0011469
----------------
1
19
0.0377759
0.00190836
0.0012592
0.00114926
----------------
0
20
0.0366619
0.00170593
0.00122206
0.00114879
----------------
1
20
0.0390973
0.00176999
0.00130324
0.00114808
----------------
0
21
0.0363909
0.00145752
0.00121303
0.00114818
----------------
1
21
0.0364934
0.00162153
0.00121645
0.001147
----------------
0
22
0.036429
0.00172189
0.0012143
0.00114782
----------------
1
22
0.0371476
0.00170384
0.00123825
0.00114712
----------------
0
23
0.0388612
0.00299548
0.00129537
0.00114806
----------------
1
23
0.0394351
0.00191355
0.0013145
0.00114844
----------------
0
24
0.038572
0.00247361
0.00128573
0.00114697
----------------
1
24
0.0392474
0.00245554
0.00130825
0.00114573
----------------
0
25
0.038181
0.00219516
0.0012727
0.00114696
----------------
1
25
0.0368864
0.00171454
0.00122955
0.00114921
----------------
0
26
0.0372725
0.00197604
0.00124242
0.00114712
----------------
1
26
0.0371579
0.00161885
0.0012386
0.00114794
----------------
0
27
0.0391147
0.00275054
0.00130382
0.0011491
----------------
1
27
0.0389361
0.00174813
0.00129787
0.00114741
----------------
0
28
0.0365796
0.00164893
0.00121932
0.00114745
----------------
1
28
0.0410669
0.00279937
0.0013689
0.00114675
----------------
0
29
0.0361869
0.0015869
0.00120623
0.00114875
----------------
1
29
0.0377326
0.0021933
0.00125775
0.00114713
----------------
0
30
0.0358192
0.00137661
0.00119397
0.00114883
----------------
1
30
0.0364972
0.0016419
0.00121657
0.00114696
----------------
0
31
0.036868
0.00140398
0.00122893
0.0011466
----------------
1
31
0.0386901
0.00217787
0.00128967
0.00114804
----------------
0
32
0.0362537
0.0015719
0.00120846
0.00114774
----------------
1
32
0.0399441
0.00183563
0.00133147
0.00114761
----------------
0
33
0.0368432
0.00150104
0.00122811
0.00114914
----------------
1
33
0.0390209
0.00259991
0.0013007
0.00114924
----------------
0
34
0.0378519
0.00201112
0.00126173
0.00114735
----------------
1
34
0.0366705
0.00155842
0.00122235
0.00114706
----------------
0
35
0.0377728
0.00209836
0.00125909
0.00114699
----------------
1
35
0.0374743
0.00156796
0.00124914
0.00114657
----------------
0
36
0.0376851
0.00163483
0.00125617
0.00114608
----------------
1
36
0.0407005
0.00231823
0.00135668
0.00114585
----------------
0
37
0.0386766
0.00218029
0.00128922
0.00114718
----------------
1
37
0.03845
0.00243953
0.00128167
0.00114708
----------------
0
38
0.0372581
0.0018623
0.00124194
0.0011469
----------------
1
38
0.0383973
0.00256211
0.00127991
0.00114699
