----------------
0
1
0.0371046
0.00144794
0.00123682
0.00114718
----------------
1
1
0.0407951
0.00216646
0.00135984
0.00114695
----------------
0
2
0.0377706
0.00223932
0.00125902
0.00114915
----------------
1
2
0.0371347
0.00201779
0.00123782
0.00114698
----------------
0
3
0.0382707
0.00149885
0.00127569
0.00114902
----------------
1
3
0.0394534
0.00197023
0.00131511
0.00114769
----------------
0
4
0.0386859
0.00253948
0.00128953
0.00114683
----------------
1
4
0.0390075
0.00233096
0.00130025
0.00114545
