----------------
0
1
0.0367171
0.00154085
0.0012239
0.00114682
----------------
1
1
0.0379145
0.00246278
0.00126382
0.0011469
----------------
0
2
0.038173
0.00180955
0.00127243
0.00114701
----------------
1
2
0.0376614
0.00164076
0.00125538
0.00114747
----------------
0
3
0.0400612
0.00195665
0.00133537
0.00114619
----------------
1
3
0.0375179
0.00176084
0.0012506
0.00114704
----------------
0
4
0.0397871
0.0025563
0.00132624
0.00114697
----------------
1
4
0.0379982
0.00189397
0.00126661
0.00114728
----------------
0
5
0.0429655
0.00290949
0.00143218
0.00114917
----------------
1
5
0.0368764
0.00170377
0.00122921
0.00114641
----------------
0
6
0.0434318
0.00300029
0.00144773
0.00114901
----------------
1
6
0.0363837
0.00149086
0.00121279
0.00114657
----------------
0
7
0.0444888
0.00300011
0.00148296
0.00114818
----------------
1
7
0.0364568
0.00168637
0.00121523
0.00114451
----------------
0
8
0.0436729
0.00301047
0.00145576
0.00114701
----------------
1
8
0.0374523
0.00169641
0.00124841
0.00115185
----------------
0
9
0.0426626
0.0023501
0.00142209
0.00115134
----------------
1
9
0.0410066
0.00260723
0.00136689
0.00114691
----------------
0
10
0.0428185
0.00245476
0.00142728
0.00115054
----------------
1
10
0.0389273
0.00193678
0.00129758
0.00114885
----------------
0
11
0.0438686
0.00298812
0.00146229
0.00114681
----------------
1
11
0.0388613
0.00172989
0.00129538
0.00115283
----------------
0
12
0.041185
0.00213841
0.00137283
0.00114701
----------------
1
12
0.0374398
0.00203332
0.00124799
0.00114721
----------------
0
13
0.0403796
0.00247175
0.00134599
0.00114838
----------------
1
13
0.038293
0.00184622
0.00127643
0.00114844
----------------
0
14
0.0441108
0.00300113
0.00147036
0.00114714
----------------
1
14
0.0391663
0.00208972
0.00130554
0.00114752
----------------
0
15
0.0420289
0.00199986
0.00140096
0.0011471
----------------
1
15
0.0389994
0.00229483
0.00129998
0.0011482
----------------
0
16
0.0408015
0.00207433
0.00136005
0.00114995
----------------
1
16
0.0362914
0.00136004
0.00120971
0.00114693
----------------
0
17
0.0391555
0.00237012
0.00130518
0.00114946
----------------
1
17
0.0377441
0.00175476
0.00125814
0.00114756
----------------
0
18
0.0410936
0.002134
0.00136979
0.00114511
----------------
1
18
0.0377126
0.00173901
0.00125709
0.00114691
----------------
0
19
0.038988
0.00237406
0.0012996
0.00114753
----------------
1
19
0.0371241
0.00185112
0.00123747
0.00114695
----------------
0
20
0.038018
0.00251654
0.00126727
0.00114912
----------------
1
20
0.0393357
0.00202198
0.00131119
0.00115151
----------------
0
21
0.0384478
0.00186578
0.00128159
0.00114724
----------------
1
21
0.0364955
0.00163731
0.00121652
0.001147
----------------
0
22
0.0377454
0.00160694
0.00125818
0.00114725
----------------
1
22
0.0372323
0.00165779
0.00124108
0.00114696
----------------
0
23
0.039963
0.00202475
0.0013321
0.0011472
----------------
1
23
0.0396711
0.00220157
0.00132237
0.00115209
----------------
0
24
0.0406741
0.0018514
0.0013558
0.0011488
----------------
1
24
0.0423262
0.00281582
0.00141087
0.00115151
----------------
0
25
0.0418814
0.00270776
0.00139605
0.00114732
----------------
1
25
0.0412083
0.00225651
0.00137361
0.00114996
----------------
0
26
0.0437447
0.00248012
0.00145816
0.00114934
----------------
1
26
0.0416663
0.00296943
0.00138888
0.00115186
----------------
0
27
0.0464904
0.00290619
0.00154968
0.00114863
----------------
1
27
0.0408543
0.00194678
0.00136181
0.00114972
----------------
0
28
0.0439716
0.00277083
0.00146572
0.00114692
----------------
1
28
0.0384648
0.00228397
0.00128216
0.00114553
----------------
0
29
0.0451436
0.00303559
0.00150479
0.00114606
----------------
1
29
0.0374846
0.00172139
0.00124949
0.00114676
----------------
0
30
0.0441942
0.00303844
0.00147314
0.00114695
----------------
1
30
0.0369587
0.00174939
0.00123196
0.00114633
----------------
0
31
0.0468378
0.00304569
0.00156126
0.00114683
----------------
1
31
0.0392176
0.00208799
0.00130725
0.00114694
----------------
0
32
0.0498436
0.00303585
0.00166145
0.00115015
----------------
1
32
0.0390528
0.00186754
0.00130176
0.00114911
----------------
0
33
0.0481748
0.00303282
0.00160583
0.00114912
----------------
1
33
0.0394305
0.00237952
0.00131435
0.001149
----------------
0
34
0.0459284
0.002456
0.00153095
0.00114659
----------------
1
34
0.0388004
0.00181348
0.00129335
0.00114684
----------------
0
35
0.0451592
0.00303231
0.00150531
0.0011574
----------------
1
35
0.0374042
0.00201196
0.00124681
0.00114903
----------------
0
36
0.0431934
0.0026079
0.00143978
0.00115208
----------------
1
36
0.0391953
0.00212413
0.00130651
0.00114683
----------------
0
37
0.0394164
0.00216395
0.00131388
0.00115222
----------------
1
37
0.039461
0.00302921
0.00131537
0.00114646
----------------
0
38
0.0374647
0.00178841
0.00124882
0.00114899
----------------
1
38
0.0367071
0.00166081
0.00122357
0.00114755
----------------
0
39
0.0380755
0.00202118
0.00126918
0.00114707
----------------
1
39
0.0362927
0.00168182
0.00120976
0.00114913
----------------
0
40
0.0391142
0.0025276
0.00130381
0.0011464
----------------
1
40
0.0383684
0.00203101
0.00127895
0.00114713
----------------
0
41
0.0402047
0.00294801
0.00134016
0.00114688
----------------
1
41
0.0405487
0.00257659
0.00135162
0.00114671
----------------
0
42
0.0400037
0.0026197
0.00133346
0.00114689
----------------
1
42
0.0395429
0.00186201
0.0013181
0.00114711
----------------
0
43
0.0399417
0.00215051
0.00133139
0.00114738
----------------
1
43
0.0398487
0.00211638
0.00132829
0.0011469
----------------
0
44
0.0411226
0.0024175
0.00137075
0.00115177
----------------
1
44
0.036675
0.00151895
0.0012225
0.00114568
----------------
0
45
0.0431066
0.00271834
0.00143689
0.00114916
----------------
1
45
0.0383731
0.00206394
0.0012791
0.00114758
----------------
0
46
0.041133
0.0025766
0.0013711
0.00114748
----------------
1
46
0.0387786
0.00268321
0.00129262
0.00114699
----------------
0
47
0.0394759
0.00195094
0.00131586
0.00114808
----------------
1
47
0.0395905
0.00303873
0.00131968
0.00114827
----------------
0
48
0.0406367
0.0026719
0.00135456
0.00114692
----------------
1
48
0.0396351
0.00190104
0.00132117
0.00114701
----------------
0
49
0.0384748
0.00208997
0.00128249
0.00114697
----------------
1
49
0.0397367
0.00227586
0.00132456
0.00114645
----------------
0
50
0.0391285
0.0022146
0.00130428
0.00114925
----------------
1
50
0.0378837
0.00147783
0.00126279
0.00114752
----------------
0
51
0.0375771
0.00151798
0.00125257
0.00114706
----------------
1
51
0.0365497
0.00151954
0.00121832
0.00114636
----------------
0
52
0.037957
0.00181752
0.00126524
0.00114619
----------------
1
52
0.0397136
0.00230138
0.00132379
0.00115146
----------------
0
53
0.0401505
0.00248921
0.00133835
0.00114698
----------------
1
53
0.0399651
0.0025995
0.00133217
0.00114706
----------------
0
54
0.0405151
0.00268508
0.0013505
0.0011492
----------------
1
54
0.0407086
0.00220918
0.00135695
0.00114696
----------------
0
55
0.0392361
0.00211752
0.00130787
0.00114919
----------------
1
55
0.0391298
0.00179277
0.00130433
0.00115157
----------------
0
56
0.0392048
0.00208463
0.00130683
0.00114851
----------------
1
56
0.0396878
0.00196585
0.00132293
0.00114694
----------------
0
57
0.0393925
0.00303836
0.00131308
0.00114672
----------------
1
57
0.0380556
0.00182565
0.00126852
0.00114778
----------------
0
58
0.0380692
0.00200573
0.00126897
0.00114678
----------------
1
58
0.0393652
0.00235898
0.00131217
0.00114696
----------------
0
59
0.0378552
0.00207181
0.00126184
0.00114646
----------------
1
59
0.0381604
0.00183229
0.00127201
0.00114695
----------------
0
60
0.0384607
0.0022588
0.00128202
0.0011469
----------------
1
60
0.0374416
0.00167984
0.00124805
0.00114669
----------------
0
61
0.040804
0.0024797
0.00136013
0.00114711
----------------
1
61
0.042431
0.00303229
0.00141437
0.00114924
----------------
0
62
0.0406573
0.00214165
0.00135524
0.00114628
----------------
1
62
0.0394665
0.00303163
0.00131555
0.00114711
----------------
0
63
0.0399493
0.0027393
0.00133164
0.00114662
----------------
1
63
0.0397841
0.00280105
0.00132614
0.00114844
----------------
0
64
0.0467292
0.00286261
0.00155764
0.0011469
----------------
1
64
0.0403375
0.00206187
0.00134458
0.00114741
----------------
0
65
0.04299
0.00298995
0.001433
0.00114643
----------------
1
65
0.0372366
0.00173296
0.00124122
0.00114719
----------------
0
66
0.043622
0.00300088
0.00145407
0.00114552
----------------
1
66
0.0382943
0.00199826
0.00127648
0.00114767
----------------
0
67
0.0417296
0.00299074
0.00139099
0.00114699
----------------
1
67
0.0383824
0.00191176
0.00127941
0.00114741
----------------
0
68
0.044482
0.00296039
0.00148273
0.00114699
----------------
1
68
0.0389244
0.00236642
0.00129748
0.00114578
----------------
0
69
0.0469589
0.00332393
0.0015653
0.00114705
----------------
1
69
0.0379521
0.00165951
0.00126507
0.00114702
----------------
0
70
0.0480803
0.00299107
0.00160268
0.00114642
----------------
1
70
0.03807
0.00198021
0.001269
0.00114805
----------------
0
71
0.0527597
0.00301848
0.00175866
0.00114853
----------------
1
71
0.0373237
0.00172472
0.00124412
0.00114717
----------------
0
72
0.0537744
0.0041066
0.00179248
0.00114684
----------------
1
72
0.0374466
0.00191336
0.00124822
0.00114715
----------------
0
73
0.0508815
0.00300252
0.00169605
0.00114929
----------------
1
73
0.038827
0.00295891
0.00129423
0.00114705
----------------
0
74
0.0488955
0.00300354
0.00162985
0.00114908
----------------
1
74
0.0384119
0.00166633
0.0012804
0.00114764
----------------
0
75
0.0456997
0.00301409
0.00152332
0.00114703
----------------
1
75
0.0370252
0.00182881
0.00123417
0.00114684
----------------
0
76
0.0496142
0.00301308
0.00165381
0.00114921
----------------
1
76
0.0374511
0.00161254
0.00124837
0.00114614
----------------
0
77
0.0527689
0.00301144
0.00175896
0.0011463
----------------
1
77
0.0408797
0.00220983
0.00136266
0.00114645
----------------
0
78
0.0502289
0.00300345
0.0016743
0.00114689
----------------
1
78
0.0399504
0.00222501
0.00133168
0.00114503
----------------
0
79
0.0518693
0.00301303
0.00172898
0.00114691
----------------
1
79
0.0392156
0.00190605
0.00130719
0.0011459
----------------
0
80
0.050972
0.00301797
0.00169907
0.00114915
----------------
1
80
0.0395489
0.00249284
0.0013183
0.00114702
----------------
0
81
0.0509225
0.00337031
0.00169742
0.00114923
----------------
1
81
0.037966
0.00196764
0.00126553
0.00114816
----------------
0
82
0.051434
0.00306257
0.00171447
0.00114901
----------------
1
82
0.0388621
0.00207002
0.0012954
0.00114704
----------------
0
83
0.0523693
0.00383843
0.00174564
0.00115047
----------------
1
83
0.036709
0.00193553
0.00122363
0.00114651
----------------
0
84
0.0521777
0.00300348
0.00173926
0.00116789
----------------
1
84
0.03761
0.001962
0.00125367
0.00114664
----------------
0
85
0.0503124
0.00286676
0.00167708
0.00114956
----------------
1
85
0.0388694
0.00220132
0.00129565
0.00114826
----------------
0
86
0.0527025
0.00303649
0.00175675
0.00114679
----------------
1
86
0.0389129
0.00202084
0.0012971
0.00114681
----------------
0
87
0.0487649
0.00296837
0.0016255
0.00116114
----------------
1
87
0.0379443
0.00172133
0.00126481
0.00114911
----------------
0
88
0.048174
0.00303869
0.0016058
0.00116092
----------------
1
88
0.0380007
0.00167891
0.00126669
0.00115036
----------------
0
89
0.0448026
0.00303718
0.00149342
0.0011492
----------------
1
89
0.0389061
0.00213678
0.00129687
0.00114646
----------------
0
90
0.0435839
0.00303766
0.0014528
0.0011509
----------------
1
90
0.0416844
0.00277164
0.00138948
0.00114793
----------------
0
91
0.0437206
0.00277522
0.00145735
0.00114783
----------------
1
91
0.0400111
0.00185768
0.0013337
0.00114733
----------------
0
92
0.0415798
0.00246698
0.00138599
0.00114878
----------------
1
92
0.0399136
0.00201677
0.00133045
0.00114705
----------------
0
93
0.0442109
0.00354006
0.0014737
0.00114676
----------------
1
93
0.0385487
0.00179932
0.00128496
0.00114918
----------------
0
94
0.0416668
0.00244573
0.00138889
0.00114698
----------------
1
94
0.0394101
0.0021773
0.00131367
0.00114795
----------------
0
95
0.0387471
0.00193042
0.00129157
0.00114702
----------------
1
95
0.0394121
0.00214545
0.00131374
0.0011472
----------------
0
96
0.038259
0.0018026
0.0012753
0.00114687
----------------
1
96
0.04006
0.00208407
0.00133533
0.0011468
----------------
0
97
0.0391354
0.00290975
0.00130451
0.0011466
----------------
1
97
0.0387405
0.00187076
0.00129135
0.00115035
----------------
0
98
0.0382113
0.00202969
0.00127371
0.00114712
----------------
1
98
0.0392157
0.00298722
0.00130719
0.00114877
----------------
0
99
0.0372625
0.00143215
0.00124208
0.00114744
----------------
1
99
0.0384876
0.00232358
0.00128292
0.00114891
----------------
0
100
0.0369958
0.00166519
0.00123319
0.0011469
----------------
1
100
0.0394225
0.0021738
0.00131408
0.00114785
----------------
0
101
0.0371778
0.00174634
0.00123926
0.00114699
----------------
1
101
0.0406036
0.00299508
0.00135345
0.0011477
----------------
0
102
0.0374322
0.00167753
0.00124774
0.00114687
----------------
1
102
0.0413373
0.00246767
0.00137791
0.00114695
----------------
0
103
0.0369795
0.00150556
0.00123265
0.00114695
----------------
1
103
0.0422373
0.00217939
0.00140791
0.00114847
----------------
0
104
0.0386267
0.00171976
0.00128756
0.00114717
----------------
1
104
0.0398229
0.00231832
0.00132743
0.00114718
----------------
0
105
0.0378969
0.00162877
0.00126323
0.00114724
----------------
1
105
0.043908
0.00322315
0.0014636
0.00114978
----------------
0
106
0.0406675
0.00261006
0.00135558
0.00114924
----------------
1
106
0.0412196
0.00224927
0.00137399
0.00115132
----------------
0
107
0.0403128
0.00187674
0.00134376
0.001147
----------------
1
107
0.0414773
0.00257856
0.00138258
0.00114955
----------------
0
108
0.0416315
0.00269645
0.00138772
0.00114805
----------------
1
108
0.0420651
0.00300018
0.00140217
0.00114914
----------------
0
109
0.0393131
0.00189415
0.00131044
0.00114708
----------------
1
109
0.0391893
0.00193755
0.00130631
0.00114705
----------------
0
110
0.0388252
0.00204835
0.00129417
0.00114832
----------------
1
110
0.0400643
0.00195123
0.00133548
0.00114705
----------------
0
111
0.0392085
0.00218966
0.00130695
0.00114993
----------------
1
111
0.0383818
0.0017268
0.00127939
0.00114653
----------------
0
112
0.0408873
0.00294991
0.00136291
0.00114924
----------------
1
112
0.0384207
0.00187192
0.00128069
0.0011468
----------------
0
113
0.0386386
0.00216591
0.00128795
0.00114511
----------------
1
113
0.0390766
0.00177146
0.00130255
0.00114675
----------------
0
114
0.0392367
0.00227599
0.00130789
0.00114914
----------------
1
114
0.0407363
0.00212778
0.00135788
0.00114918
----------------
0
115
0.0380204
0.00162029
0.00126735
0.001147
----------------
1
115
0.0421237
0.00235294
0.00140412
0.00115234
----------------
0
116
0.0382698
0.00160977
0.00127566
0.00114705
----------------
1
116
0.0451215
0.00298022
0.00150405
0.00115169
----------------
0
117
0.0379875
0.00190154
0.00126625
0.00114637
----------------
1
117
0.0413416
0.00174631
0.00137805
0.00115223
----------------
0
118
0.0362195
0.00149359
0.00120732
0.00114635
----------------
1
118
0.041618
0.00264392
0.00138727
0.001145
----------------
0
119
0.0367381
0.00137775
0.0012246
0.00114653
----------------
1
119
0.0420369
0.00229769
0.00140123
0.00114631
----------------
0
120
0.0365748
0.00141679
0.00121916
0.00114869
----------------
1
120
0.0412383
0.00294096
0.00137461
0.00114673
----------------
0
121
0.0381402
0.00165292
0.00127134
0.00114578
----------------
1
121
0.0448271
0.00300421
0.00149424
0.00114719
----------------
0
122
0.036932
0.00141113
0.00123107
0.00114955
----------------
1
122
0.0435064
0.00295051
0.00145021
0.00114696
----------------
0
123
0.0363572
0.00150651
0.00121191
0.00114662
----------------
1
123
0.045035
0.00303715
0.00150117
0.00114817
----------------
0
124
0.0379469
0.00184323
0.00126489
0.00114855
----------------
1
124
0.0444414
0.00235817
0.00148138
0.00114707
----------------
0
125
0.037578
0.00149107
0.0012526
0.00114936
----------------
1
125
0.0435497
0.00215504
0.00145166
0.00114854
----------------
0
126
0.0381435
0.00196352
0.00127145
0.00114688
----------------
1
126
0.0444349
0.00296376
0.00148116
0.00114915
----------------
0
127
0.0379432
0.00300447
0.00126477
0.00114613
----------------
1
127
0.0443
0.00264825
0.00147667
0.00114698
----------------
0
128
0.0409073
0.00258201
0.00136358
0.00114713
----------------
1
128
0.0446988
0.00300423
0.00148996
0.00114999
----------------
0
129
0.04207
0.00241353
0.00140233
0.00115111
----------------
1
129
0.0472337
0.00300287
0.00157446
0.00115245
----------------
0
130
0.041435
0.0030011
0.00138117
0.00114817
----------------
1
130
0.047828
0.00300384
0.00159427
0.00114739
----------------
0
131
0.039059
0.00168382
0.00130197
0.00114657
----------------
1
131
0.0466749
0.00300172
0.00155583
0.00114705
----------------
0
132
0.042662
0.00224746
0.00142207
0.00114739
----------------
1
132
0.0443199
0.00306353
0.00147733
0.00114619
----------------
0
133
0.0415364
0.00227364
0.00138455
0.00115086
----------------
1
133
0.0404266
0.00182079
0.00134755
0.00114943
----------------
0
134
0.0442907
0.00302523
0.00147636
0.00114687
----------------
1
134
0.039509
0.00193646
0.00131697
0.00114878
----------------
0
135
0.0405764
0.00188947
0.00135255
0.00114689
----------------
1
135
0.0380743
0.00196071
0.00126914
0.00114699
----------------
0
136
0.0405794
0.00235531
0.00135265
0.00115071
----------------
1
136
0.037789
0.00202443
0.00125963
0.00114508
----------------
0
137
0.0407234
0.00244601
0.00135745
0.00114689
----------------
1
137
0.0382647
0.00210533
0.00127549
0.00114699
----------------
0
138
0.0397806
0.00183544
0.00132602
0.00115063
----------------
1
138
0.0422534
0.00291358
0.00140845
0.00114725
----------------
0
139
0.0399282
0.00193162
0.00133094
0.0011491
----------------
1
139
0.0409449
0.00249872
0.00136483
0.00114789
----------------
0
140
0.0381746
0.00155334
0.00127249
0.00114855
----------------
1
140
0.0423184
0.00227534
0.00141061
0.00114862
----------------
0
141
0.0383249
0.00168192
0.0012775
0.00114933
----------------
1
141
0.038146
0.00186704
0.00127153
0.00115007
----------------
0
142
0.0402365
0.00237825
0.00134122
0.0011474
----------------
1
142
0.0374729
0.00217584
0.0012491
0.00114901
----------------
0
143
0.0381122
0.0017558
0.00127041
0.00115052
----------------
1
143
0.0364137
0.00144167
0.00121379
0.00114666
----------------
0
144
0.0383565
0.0018695
0.00127855
0.00114707
----------------
1
144
0.0367619
0.00167464
0.0012254
0.00114879
----------------
0
145
0.039251
0.00194644
0.00130837
0.00114684
----------------
1
145
0.0382584
0.00173559
0.00127528
0.00115084
----------------
0
146
0.0399606
0.00192592
0.00133202
0.00115004
----------------
1
146
0.0391228
0.00215182
0.00130409
0.00114954
----------------
0
147
0.039454
0.00187852
0.00131513
0.0011478
----------------
1
147
0.0414119
0.00265887
0.0013804
0.00114912
----------------
0
148
0.0389373
0.0021134
0.00129791
0.00114709
----------------
1
148
0.0429855
0.00284182
0.00143285
0.00114904
----------------
0
149
0.0383335
0.00220299
0.00127778
0.00114692
----------------
1
149
0.0532006
0.00683641
0.00177335
0.00115198
----------------
0
150
0.0362185
0.0014453
0.00120728
0.00114703
----------------
1
150
0.0507053
0.00335966
0.00169018
0.00114689
----------------
0
151
0.037801
0.00160395
0.00126003
0.00114698
----------------
1
151
0.0586243
0.00829098
0.00195414
0.00114991
----------------
0
152
0.0380949
0.0016892
0.00126983
0.0011474
----------------
1
152
0.0726267
0.0110388
0.00242089
0.0011511
----------------
0
153
0.0385455
0.00215723
0.00128485
0.00114689
----------------
1
153
0.0647259
0.00646475
0.00215753
0.00115737
----------------
0
154
0.0387603
0.00181232
0.00129201
0.00114714
----------------
1
154
0.0793126
0.0104614
0.00264375
0.00114918
----------------
0
155
0.0395936
0.00257239
0.00131979
0.0011483
----------------
1
155
0.0706029
0.00811573
0.00235343
0.00114913
----------------
0
156
0.0393867
0.00177997
0.00131289
0.00114882
----------------
1
156
0.0710241
0.0055914
0.00236747
0.00114718
----------------
0
157
0.0416952
0.00298297
0.00138984
0.00114698
----------------
1
157
0.0716979
0.00728759
0.00238993
0.00115254
----------------
0
158
0.0446506
0.00234924
0.00148835
0.00114913
----------------
1
158
0.0787319
0.0095648
0.0026244
0.00115205
----------------
0
159
0.0425599
0.0030306
0.00141866
0.00114703
----------------
1
159
0.0635414
0.00598885
0.00211805
0.00115523
----------------
0
160
0.0416997
0.002526
0.00138999
0.0011493
----------------
1
160
0.0746149
0.00669219
0.00248716
0.00114686
----------------
0
161
0.0415956
0.00247177
0.00138652
0.00114806
----------------
1
161
0.0777495
0.0120381
0.00259165
0.00114956
----------------
0
162
0.0384286
0.00206783
0.00128095
0.00114939
----------------
1
162
0.0913167
0.0120962
0.00304389
0.00114904
----------------
0
163
0.0388604
0.00202355
0.00129535
0.00114806
----------------
1
163
0.104708
0.0118383
0.00349027
0.00114636
----------------
0
164
0.040076
0.00299963
0.00133587
0.00114627
----------------
1
164
0.113678
0.012067
0.00378926
0.00114715
----------------
0
165
0.0391868
0.00206728
0.00130623
0.0011469
----------------
1
165
0.100658
0.00797354
0.00335528
0.0011472
----------------
0
166
0.0386043
0.00231089
0.00128681
0.00114689
----------------
1
166
0.0915325
0.00637603
0.00305108
0.00114904
----------------
0
167
0.0418581
0.00265307
0.00139527
0.00114997
----------------
1
167
0.0933112
0.0124372
0.00311037
0.00114737
----------------
0
168
0.0419775
0.00227398
0.00139925
0.00114654
----------------
1
168
0.0916634
0.00943912
0.00305545
0.00114704
----------------
0
169
0.041347
0.00279757
0.00137823
0.00114686
----------------
1
169
0.0732084
0.0114667
0.00244028
0.00115394
----------------
0
170
0.042163
0.00265513
0.00140543
0.00114699
----------------
1
170
0.0796235
0.0108143
0.00265412
0.00114558
----------------
0
171
0.0408801
0.00230955
0.00136267
0.00115008
----------------
1
171
0.0845663
0.00860733
0.00281888
0.00114659
----------------
0
172
0.0417741
0.00249179
0.00139247
0.00114913
----------------
1
172
0.0889557
0.0117891
0.00296519
0.0011475
----------------
0
173
0.0453652
0.00243963
0.00151217
0.00114692
----------------
1
173
0.0778115
0.0109542
0.00259372
0.00114829
----------------
0
174
0.0493786
0.00276713
0.00164595
0.0011458
----------------
1
174
0.101667
0.0111706
0.00338889
0.00114965
----------------
0
175
0.0457899
0.00303523
0.00152633
0.00114781
----------------
1
175
0.0779001
0.0127005
0.00259667
0.00114708
----------------
0
176
0.0447851
0.00259811
0.00149284
0.00114691
----------------
1
176
0.0904912
0.00829361
0.00301637
0.00114958
----------------
0
177
0.0408793
0.00271693
0.00136264
0.00114656
----------------
1
177
0.0933568
0.00670621
0.00311189
0.00114958
----------------
0
178
0.0414325
0.00270481
0.00138108
0.00114765
----------------
1
178
0.0896373
0.0126113
0.00298791
0.00114733
----------------
0
179
0.044373
0.00302951
0.0014791
0.00114697
----------------
1
179
0.0733424
0.00611931
0.00244475
0.00114952
----------------
0
180
0.0487069
0.00302945
0.00162356
0.0011488
----------------
1
180
0.0731053
0.00794031
0.00243684
0.00114694
----------------
0
181
0.0505775
0.00303779
0.00168592
0.00114743
----------------
1
181
0.0674792
0.0127402
0.00224931
0.00114841
----------------
0
182
0.0508803
0.00303958
0.00169601
0.00115134
----------------
1
182
0.0898362
0.00833261
0.00299454
0.00114874
----------------
0
183
0.056114
0.00304078
0.00187047
0.00116137
----------------
1
183
0.0696242
0.0121313
0.00232081
0.00114715
----------------
0
184
0.0515472
0.00304583
0.00171824
0.00114753
----------------
1
184
0.066093
0.00831708
0.0022031
0.0011454
----------------
0
185
0.0503751
0.00303822
0.00167917
0.00114696
----------------
1
185
0.0739023
0.00679925
0.00246341
0.00114504
----------------
0
186
0.0551526
0.00304091
0.00183842
0.00114921
----------------
1
186
0.0708674
0.0125562
0.00236225
0.00114711
----------------
0
187
0.0529704
0.0030482
0.00176568
0.00114687
----------------
1
187
0.0749087
0.0116816
0.00249696
0.00114705
----------------
0
188
0.0477786
0.00304788
0.00159262
0.00114708
----------------
1
188
0.0786244
0.0102282
0.00262081
0.00114697
----------------
0
189
0.0510874
0.00304372
0.00170291
0.00114702
----------------
1
189
0.0814173
0.0127608
0.00271391
0.00114652
----------------
0
190
0.0530963
0.00304328
0.00176988
0.00114736
----------------
1
190
0.0660015
0.00832185
0.00220005
0.00114998
----------------
0
191
0.0481493
0.00294661
0.00160498
0.00114664
----------------
1
191
0.0525014
0.0057635
0.00175005
0.00114678
----------------
0
192
0.0483606
0.00304111
0.00161202
0.00115067
----------------
1
192
0.0731713
0.0102234
0.00243904
0.00114412
----------------
0
193
0.0479175
0.0030446
0.00159725
0.00114698
----------------
1
193
0.0688688
0.00761903
0.00229563
0.00114692
----------------
0
194
0.0477218
0.00304788
0.00159073
0.00114873
----------------
1
194
0.0708878
0.00777795
0.00236293
0.00114637
----------------
0
195
0.0499744
0.00304888
0.00166581
0.00115228
----------------
1
195
0.0663908
0.0114838
0.00221303
0.00114995
----------------
0
196
0.050409
0.00303997
0.0016803
0.00114949
----------------
1
196
0.0608465
0.00434811
0.00202821
0.001148
----------------
0
197
0.0550992
0.003049
0.00183664
0.00114887
----------------
1
197
0.0619444
0.0071345
0.00206481
0.00114683
----------------
0
198
0.0481235
0.00304477
0.00160412
0.00114701
----------------
1
198
0.065334
0.00585473
0.0021778
0.00114702
----------------
0
199
0.0480654
0.00303387
0.00160218
0.00114821
----------------
1
199
0.0828579
0.0113151
0.00276193
0.00114661
----------------
0
200
0.0486514
0.00304609
0.00162172
0.00114698
----------------
1
200
0.0920287
0.0107021
0.00306762
0.00114704
----------------
0
201
0.0488994
0.00304394
0.00162998
0.00114764
----------------
1
201
0.0821946
0.00655099
0.00273982
0.00114914
----------------
0
202
0.050204
0.00303228
0.00167347
0.0011471
----------------
1
202
0.0698439
0.0061534
0.00232813
0.00114917
----------------
0
203
0.0535961
0.00304467
0.00178654
0.00115069
----------------
1
203
0.0720847
0.00643084
0.00240282
0.00114787
----------------
0
204
0.0538099
0.0030432
0.00179366
0.00114759
----------------
1
204
0.0745218
0.00533314
0.00248406
0.001147
----------------
0
205
0.0525369
0.003029
0.00175123
0.00115106
----------------
1
205
0.0707864
0.00611072
0.00235955
0.00114931
----------------
0
206
0.0496373
0.00389246
0.00165457
0.00114906
----------------
1
206
0.0738351
0.005975
0.00246117
0.00114719
----------------
0
207
0.0445697
0.00303207
0.00148566
0.001152
----------------
1
207
0.0654352
0.00881612
0.00218117
0.00114638
----------------
0
208
0.0492985
0.00370849
0.00164328
0.00114657
----------------
1
208
0.0565197
0.00303545
0.00188399
0.00114732
----------------
0
209
0.0431157
0.00299196
0.00143719
0.00114734
----------------
1
209
0.0626114
0.00826671
0.00208705
0.00114676
----------------
0
210
0.0438905
0.00301096
0.00146302
0.00114841
----------------
1
210
0.06535
0.00908521
0.00217833
0.00114696
----------------
0
211
0.0452301
0.0030182
0.00150767
0.00114584
----------------
1
211
0.058372
0.00662629
0.00194573
0.00114726
----------------
0
212
0.0421182
0.00269353
0.00140394
0.00114707
----------------
1
212
0.0862852
0.0107009
0.00287617
0.00115491
----------------
0
213
0.0455222
0.00301844
0.00151741
0.00114685
----------------
1
213
0.0765241
0.00649878
0.0025508
0.00114961
----------------
0
214
0.0412936
0.00267453
0.00137645
0.00114727
----------------
1
214
0.118397
0.0133052
0.00394655
0.00114695
----------------
0
215
0.0375792
0.00179253
0.00125264
0.00114701
----------------
1
215
0.139466
0.0110859
0.00464886
0.0011469
----------------
0
216
0.038439
0.00268716
0.0012813
0.00114745
----------------
1
216
0.112376
0.00862267
0.00374587
0.00115177
----------------
0
217
0.0394204
0.0027685
0.00131401
0.00114902
----------------
1
217
0.113214
0.0128642
0.00377379
0.0011469
----------------
0
218
0.039875
0.00258022
0.00132917
0.00114696
----------------
1
218
0.140845
0.0169297
0.00469483
0.00115192
----------------
0
219
0.0440166
0.00291426
0.00146722
0.00115186
----------------
1
219
0.131784
0.0126227
0.00439279
0.00114912
----------------
0
220
0.0467419
0.00303771
0.00155806
0.00114938
----------------
1
220
0.170124
0.0189015
0.0056708
0.00114767
----------------
0
221
0.0426874
0.00262065
0.00142291
0.00114726
----------------
1
221
0.161972
0.0204431
0.00539907
0.00114712
----------------
0
222
0.0451963
0.00287608
0.00150654
0.00114728
----------------
1
222
0.164223
0.0150561
0.00547412
0.00114614
----------------
0
223
0.0515991
0.00304312
0.00171997
0.0011491
----------------
1
223
0.229033
0.0244783
0.00763444
0.00114965
----------------
0
224
0.0509175
0.00366797
0.00169725
0.0011503
----------------
1
224
0.167389
0.0191366
0.00557964
0.00115206
----------------
0
225
0.0527264
0.00304222
0.00175755
0.00114889
----------------
1
225
0.1436
0.0142664
0.00478668
0.00117335
----------------
0
226
0.0513541
0.00302511
0.0017118
0.001147
----------------
1
226
0.174062
0.0150283
0.00580207
0.00114691
----------------
0
227
0.0446312
0.00303177
0.00148771
0.00114642
----------------
1
227
0.134933
0.018993
0.00449778
0.00114693
----------------
0
228
0.0482682
0.00304464
0.00160894
0.00114703
----------------
1
228
0.177636
0.0151529
0.00592121
0.0011467
----------------
0
229
0.0447535
0.00304488
0.00149178
0.00114695
----------------
1
229
0.17843
0.0188864
0.00594765
0.00115027
----------------
0
230
0.0462466
0.00303926
0.00154155
0.00114692
----------------
1
230
0.174428
0.0164945
0.00581427
0.00114655
----------------
0
231
0.0469317
0.003041
0.00156439
0.00114769
----------------
1
231
0.200454
0.0176694
0.00668179
0.00116105
----------------
0
232
0.0475192
0.00303901
0.00158397
0.00114762
----------------
1
232
0.216349
0.0193796
0.00721164
0.00114693
----------------
0
233
0.0469749
0.00303781
0.00156583
0.00114696
----------------
1
233
0.136979
0.0136203
0.00456597
0.00114729
----------------
0
234
0.05088
0.00440055
0.001696
0.00114691
----------------
1
234
0.170937
0.0188735
0.00569789
0.00115076
----------------
0
235
0.0457846
0.00432005
0.00152615
0.00114913
----------------
1
235
0.237615
0.0189581
0.00792051
0.00122376
----------------
0
236
0.0445044
0.00304207
0.00148348
0.00114906
----------------
1
236
0.180741
0.0168329
0.0060247
0.00115146
----------------
0
237
0.0434336
0.00446804
0.00144779
0.00115434
----------------
1
237
0.158251
0.0168983
0.00527502
0.00114746
----------------
0
238
0.0477998
0.00425192
0.00159333
0.00114686
----------------
1
238
0.147965
0.0170735
0.00493218
0.00115728
----------------
0
239
0.0418939
0.00304263
0.00139646
0.00114711
----------------
1
239
0.147223
0.0173197
0.00490744
0.00114919
----------------
0
240
0.0422195
0.00303825
0.00140732
0.0011483
----------------
1
240
0.135243
0.0161511
0.00450811
0.00116987
----------------
0
241
0.0431288
0.00303961
0.00143763
0.00114691
----------------
1
241
0.138703
0.0149197
0.00462344
0.00115427
----------------
0
242
0.0397442
0.00219341
0.00132481
0.00114614
----------------
1
242
0.160392
0.0195352
0.0053464
0.00114702
----------------
0
243
0.0380439
0.00180066
0.00126813
0.00114578
----------------
1
243
0.155532
0.0179696
0.0051844
0.00114735
----------------
0
244
0.0399926
0.00190337
0.00133309
0.00114698
----------------
1
244
0.123486
0.0179014
0.00411619
0.0011496
----------------
0
245
0.0399116
0.0022596
0.00133039
0.00114908
----------------
1
245
0.15247
0.0153601
0.00508233
0.00114694
----------------
0
246
0.0395929
0.0019455
0.00131976
0.00114741
----------------
1
246
0.126137
0.0179635
0.00420456
0.00116471
----------------
0
247
0.0399583
0.00215539
0.00133194
0.00114689
----------------
1
247
0.101984
0.0128212
0.00339947
0.0011527
----------------
0
248
0.0392005
0.00171281
0.00130668
0.00114713
----------------
1
248
0.100583
0.0214322
0.00335278
0.00115065
----------------
0
249
0.0389133
0.00196717
0.00129711
0.00114682
----------------
1
249
0.121065
0.0200264
0.00403551
0.00114696
----------------
0
250
0.0363276
0.00141329
0.00121092
0.00114739
----------------
1
250
0.112283
0.0136699
0.00374277
0.00114728
----------------
0
251
0.0379061
0.0024895
0.00126354
0.00114857
----------------
1
251
0.16329
0.0265328
0.005443
0.00114585
----------------
0
252
0.0409338
0.00299533
0.00136446
0.00114623
----------------
1
252
0.132952
0.0177467
0.00443173
0.00114943
----------------
0
253
0.039507
0.00211003
0.0013169
0.00114715
----------------
1
253
0.139895
0.0167297
0.00466318
0.00114751
----------------
0
254
0.0398341
0.00277677
0.0013278
0.00114765
----------------
1
254
0.18424
0.0171889
0.00614134
0.00115065
----------------
0
255
0.0411884
0.00221599
0.00137295
0.00114708
----------------
1
255
0.145104
0.0164428
0.00483679
0.00115089
----------------
0
256
0.0420679
0.00299433
0.00140226
0.00114694
----------------
1
256
0.124062
0.0166054
0.0041354
0.00114577
----------------
0
257
0.0427002
0.00243027
0.00142334
0.00114882
----------------
1
257
0.145557
0.0144303
0.0048519
0.00114936
----------------
0
258
0.0418008
0.00217927
0.00139336
0.00114701
----------------
1
258
0.136063
0.0179971
0.00453544
0.00115447
----------------
0
259
0.0411362
0.00225346
0.00137121
0.00114701
----------------
1
259
0.107357
0.0144566
0.00357857
0.00114885
----------------
0
260
0.0407262
0.00233972
0.00135754
0.00114666
----------------
1
260
0.0765088
0.0128313
0.00255029
0.001147
----------------
0
261
0.0411969
0.00220573
0.00137323
0.00114689
----------------
1
261
0.0948107
0.0111138
0.00316036
0.00114682
----------------
0
262
0.0381438
0.00225344
0.00127146
0.001147
----------------
1
262
0.0767805
0.0121327
0.00255935
0.00114631
----------------
0
263
0.038927
0.0020342
0.00129757
0.00114735
----------------
1
263
0.0942622
0.0152652
0.00314207
0.00114686
----------------
0
264
0.0388746
0.00249956
0.00129582
0.00114712
----------------
1
264
0.0959461
0.015436
0.0031982
0.00114755
----------------
0
265
0.0388831
0.00203226
0.0012961
0.00114942
----------------
1
265
0.131827
0.0202414
0.00439425
0.00114836
----------------
0
266
0.0434156
0.00303682
0.00144719
0.00114962
----------------
1
266
0.132643
0.0183849
0.00442145
0.0011526
----------------
0
267
0.0436354
0.0027258
0.00145451
0.00114939
----------------
1
267
0.120174
0.0181052
0.00400581
0.00114845
----------------
0
268
0.0400636
0.00231434
0.00133545
0.00114554
----------------
1
268
0.14403
0.0153443
0.00480099
0.00114921
----------------
0
269
0.0375015
0.00206051
0.00125005
0.00114708
----------------
1
269
0.12627
0.0136347
0.00420901
0.00114698
----------------
0
270
0.0375672
0.00186251
0.00125224
0.00114681
----------------
1
270
0.158561
0.0193016
0.00528536
0.00114802
----------------
0
271
0.0411128
0.00261577
0.00137043
0.00114671
----------------
1
271
0.166045
0.0230027
0.00553485
0.0011529
----------------
0
272
0.0407562
0.00208721
0.00135854
0.00115172
----------------
1
272
0.122254
0.012972
0.00407512
0.00114745
----------------
0
273
0.0395398
0.0023502
0.00131799
0.0011492
----------------
1
273
0.125161
0.0153322
0.00417204
0.00114806
----------------
0
274
0.0404833
0.00239715
0.00134944
0.00114637
----------------
1
274
0.131296
0.0143727
0.00437653
0.00114688
----------------
0
275
0.0402957
0.00228628
0.00134319
0.00114656
----------------
1
275
0.135164
0.0158187
0.00450545
0.00114709
----------------
0
276
0.0431888
0.00226604
0.00143963
0.00114569
----------------
1
276
0.183435
0.0175648
0.0061145
0.00114949
----------------
0
277
0.0439179
0.0028079
0.00146393
0.00114632
----------------
1
277
0.227424
0.0192343
0.0075808
0.0011469
----------------
0
278
0.043028
0.002979
0.00143427
0.00114684
----------------
1
278
0.184091
0.0163092
0.00613637
0.00114918
----------------
0
279
0.0402833
0.00295958
0.00134278
0.00114695
----------------
1
279
0.239193
0.0223387
0.0079731
0.00114693
----------------
0
280
0.0389284
0.00298548
0.00129762
0.00114616
----------------
1
280
0.193662
0.0161071
0.0064554
0.0011469
----------------
0
281
0.0412952
0.00299126
0.00137651
0.00114669
----------------
1
281
0.21234
0.0251846
0.00707802
0.00115027
----------------
0
282
0.0408869
0.00300771
0.0013629
0.00114688
----------------
1
282
0.155435
0.0158438
0.00518116
0.00114616
----------------
0
283
0.0393208
0.00197195
0.00131069
0.00114586
----------------
1
283
0.142788
0.0143448
0.00475959
0.00114575
----------------
0
284
0.0388754
0.00204383
0.00129585
0.00114896
----------------
1
284
0.163728
0.0181052
0.00545759
0.00115498
----------------
0
285
0.0393739
0.00248333
0.00131246
0.00114789
----------------
1
285
0.201064
0.01978
0.00670213
0.00116787
----------------
0
286
0.0403456
0.00289367
0.00134485
0.00114592
----------------
1
286
0.159307
0.0161071
0.00531025
0.00115129
----------------
0
287
0.0391545
0.00222012
0.00130515
0.00114936
----------------
1
287
0.123554
0.0158187
0.00411847
0.00115215
----------------
0
288
0.0399009
0.00208522
0.00133003
0.00114712
----------------
1
288
0.116678
0.0148626
0.00388927
0.0011517
----------------
0
289
0.0422163
0.00294911
0.00140721
0.00114696
----------------
1
289
0.113753
0.0105349
0.00379175
0.00114678
----------------
0
290
0.0410827
0.00215397
0.00136942
0.00114907
----------------
1
290
0.14468
0.0146003
0.00482267
0.00114641
----------------
0
291
0.0412471
0.00260278
0.0013749
0.00114709
----------------
1
291
0.163491
0.0148767
0.00544972
0.0011498
----------------
0
292
0.0402891
0.00300151
0.00134297
0.00114715
----------------
1
292
0.112072
0.0141326
0.00373575
0.00116659
----------------
0
293
0.0405322
0.00242382
0.00135107
0.00115225
----------------
1
293
0.141921
0.0197138
0.00473071
0.00114628
----------------
0
294
0.0428155
0.00316451
0.00142718
0.0011467
----------------
1
294
0.138335
0.0164537
0.00461115
0.00114709
----------------
0
295
0.0430378
0.00365725
0.00143459
0.00114706
----------------
1
295
0.158553
0.0141326
0.00528511
0.00115204
----------------
0
296
0.0442454
0.00311767
0.00147485
0.00114913
----------------
1
296
0.152268
0.021164
0.00507559
0.00115629
----------------
0
297
0.0471049
0.00318566
0.00157016
0.00114917
----------------
1
297
0.108641
0.0180331
0.00362136
0.00114779
----------------
0
298
0.0494889
0.00338141
0.00164963
0.00114667
----------------
1
298
0.144174
0.0133866
0.00480581
0.00114911
----------------
0
299
0.0487746
0.00316115
0.00162582
0.00114603
----------------
1
299
0.124169
0.0133685
0.00413896
0.00114929
----------------
0
300
0.0485323
0.00311835
0.00161774
0.00115287
----------------
1
300
0.109369
0.0167688
0.00364562
0.00114912
----------------
0
301
0.0468415
0.00304442
0.00156138
0.00115028
----------------
1
301
0.103643
0.0132857
0.00345477
0.00114734
----------------
0
302
0.0454723
0.00302601
0.00151574
0.00114824
----------------
1
302
0.181677
0.0219563
0.00605591
0.00114758
----------------
0
303
0.0495641
0.00304204
0.00165214
0.00115159
----------------
1
303
0.212416
0.0211892
0.00708053
0.00115236
----------------
0
304
0.0505827
0.00321175
0.00168609
0.00114698
----------------
1
304
0.180369
0.0216571
0.00601229
0.001147
----------------
0
305
0.0465491
0.00318173
0.00155164
0.00114683
----------------
1
305
0.203187
0.0216128
0.00677288
0.00114712
----------------
0
306
0.051251
0.00340661
0.00170837
0.00114726
----------------
1
306
0.186533
0.0218621
0.00621776
0.0011469
----------------
0
307
0.0515518
0.00332882
0.00171839
0.00114921
----------------
1
307
0.20498
0.021158
0.00683267
0.00114996
----------------
0
308
0.0460154
0.00315763
0.00153385
0.00114785
----------------
1
308
0.180797
0.021503
0.00602658
0.00114837
----------------
0
309
0.0499668
0.00304079
0.00166556
0.00114702
----------------
1
309
0.198314
0.0207977
0.00661046
0.00114733
----------------
0
310
0.0532621
0.00325497
0.0017754
0.00114783
----------------
1
310
0.207488
0.0209907
0.00691628
0.00115147
----------------
0
311
0.0534359
0.00359946
0.0017812
0.00114749
----------------
1
311
0.239698
0.0217875
0.00798995
0.00114622
----------------
0
312
0.0499772
0.00324424
0.00166591
0.00114666
----------------
1
312
0.166136
0.0165699
0.00553785
0.00118503
----------------
0
313
0.0528689
0.00336615
0.0017623
0.00114693
----------------
1
313
0.240092
0.0200543
0.00800305
0.00114624
----------------
0
314
0.0502003
0.00304115
0.00167334
0.001147
----------------
1
314
0.193227
0.0189068
0.0064409
0.00119004
----------------
0
315
0.0521539
0.00304193
0.00173846
0.00114719
----------------
1
315
0.18203
0.0169446
0.00606767
0.0011661
----------------
0
316
0.0540976
0.00303923
0.00180325
0.00114948
----------------
1
316
0.196101
0.0177419
0.0065367
0.00114695
----------------
0
317
0.0507292
0.00359431
0.00169097
0.00114842
----------------
1
317
0.167741
0.0169446
0.00559136
0.00114693
----------------
0
318
0.0478451
0.00304231
0.00159484
0.00114749
----------------
1
318
0.159551
0.0178896
0.00531836
0.00115162
----------------
0
319
0.0479498
0.00306531
0.00159833
0.00114728
----------------
1
319
0.162707
0.0190539
0.00542358
0.00115188
----------------
0
320
0.0497723
0.00370092
0.00165908
0.00114917
----------------
1
320
0.226446
0.0190507
0.00754819
0.00115203
----------------
0
321
0.0607781
0.00400267
0.00202594
0.00114731
----------------
1
321
0.206666
0.0203038
0.00688888
0.00115749
----------------
0
322
0.0556529
0.003356
0.0018551
0.00114687
----------------
1
322
0.122872
0.0213822
0.00409572
0.00114891
----------------
0
323
0.0497412
0.00329006
0.00165804
0.00115145
----------------
1
323
0.174635
0.0185069
0.00582116
0.00114706
----------------
0
324
0.0471322
0.00332135
0.00157107
0.0011473
----------------
1
324
0.201793
0.0202456
0.00672643
0.00114918
----------------
0
325
0.0432935
0.00316319
0.00144312
0.00114934
----------------
1
325
0.177404
0.0185069
0.00591347
0.00116251
----------------
0
326
0.0456428
0.00350209
0.00152143
0.00114626
----------------
1
326
0.160993
0.0168188
0.00536644
0.00114928
----------------
0
327
0.0444083
0.00304028
0.00148028
0.00114701
----------------
1
327
0.145021
0.018136
0.00483404
0.00114964
----------------
0
328
0.046257
0.00304417
0.0015419
0.00114694
----------------
1
328
0.144184
0.0168188
0.00480614
0.0011498
----------------
0
329
0.0560086
0.00370303
0.00186695
0.00114713
----------------
1
329
0.132689
0.0169446
0.00442297
0.00114808
----------------
0
330
0.0600002
0.0033636
0.00200001
0.00114797
----------------
1
330
0.128038
0.0162016
0.00426795
0.00114839
----------------
0
331
0.059845
0.00493636
0.00199483
0.00115074
----------------
1
331
0.141839
0.0150161
0.00472796
0.00114704
----------------
0
332
0.0540785
0.00519785
0.00180262
0.0011477
----------------
1
332
0.107114
0.0176284
0.00357048
0.0011475
----------------
0
333
0.0433797
0.00299198
0.00144599
0.00114923
----------------
1
333
0.115733
0.0159979
0.00385776
0.0011449
----------------
0
334
0.0617572
0.0131738
0.00205857
0.00115738
----------------
1
334
0.109949
0.0130524
0.00366498
0.00114812
----------------
0
335
0.0470173
0.0031248
0.00156724
0.00114772
----------------
1
335
0.109006
0.0176284
0.00363353
0.00114696
----------------
0
336
0.0406989
0.00294699
0.00135663
0.00114716
----------------
1
336
0.13761
0.0160009
0.004587
0.0011469
----------------
0
337
0.0438614
0.00303563
0.00146205
0.00114631
----------------
1
337
0.0787423
0.0130494
0.00262475
0.001147
----------------
0
338
0.0476556
0.00304281
0.00158852
0.00114714
----------------
1
338
0.11312
0.0194638
0.00377066
0.00114688
----------------
0
339
0.0516334
0.00305711
0.00172111
0.00114644
----------------
1
339
0.096341
0.0202041
0.00321137
0.00114706
----------------
0
340
0.0539897
0.00306234
0.00179966
0.00115096
----------------
1
340
0.102898
0.0161971
0.00342994
0.00114932
----------------
0
341
0.0603126
0.0036075
0.00201042
0.00114694
----------------
1
341
0.161462
0.0217463
0.00538207
0.00114637
----------------
0
342
0.0628378
0.00305267
0.00209459
0.00114701
----------------
1
342
0.137895
0.0185307
0.00459651
0.00114703
----------------
0
343
0.0616711
0.00304548
0.0020557
0.00114942
----------------
1
343
0.0864636
0.011641
0.00288212
0.00115585
----------------
0
344
0.0587393
0.00304971
0.00195798
0.00114871
----------------
1
344
0.078266
0.0214829
0.00260887
0.00115509
----------------
0
345
0.0563265
0.00305291
0.00187755
0.00114691
----------------
1
345
0.128647
0.0217436
0.00428822
0.00114748
----------------
0
346
0.056859
0.00328157
0.0018953
0.00114725
----------------
1
346
0.0764976
0.0145469
0.00254992
0.00114739
