----------------
0
1
0.0359244
0.001332
0.00119748
0.00114699
----------------
1
1
0.0399175
0.002987
0.00133058
0.00114707
----------------
0
2
0.038746
0.00194901
0.00129153
0.00114791
----------------
1
2
0.0388486
0.00180543
0.00129495
0.00114681
----------------
0
3
0.0375669
0.00170809
0.00125223
0.00114694
----------------
1
3
0.0378544
0.00202711
0.00126181
0.00114682
----------------
0
4
0.0388261
0.00205796
0.0012942
0.00114727
----------------
1
4
0.0380594
0.00171871
0.00126865
0.00114691
----------------
0
5
0.0370953
0.00165439
0.00123651
0.00114717
----------------
1
5
0.0377023
0.00172326
0.00125674
0.00114715
----------------
0
6
0.0369573
0.0017817
0.00123191
0.00114699
----------------
1
6
0.0404752
0.00265258
0.00134917
0.0011469
----------------
0
7
0.0374426
0.00223277
0.00124809
0.00114705
----------------
1
7
0.0396583
0.00239383
0.00132194
0.00115504
----------------
0
8
0.0399415
0.00298848
0.00133138
0.00114706
----------------
1
8
0.0386185
0.00170174
0.00128728
0.00114695
----------------
0
9
0.0373992
0.00159337
0.00124664
0.00114627
----------------
1
9
0.0391832
0.00189843
0.00130611
0.0011485
----------------
0
10
0.0399358
0.00181117
0.00133119
0.00114728
----------------
1
10
0.036996
0.00168308
0.0012332
0.00114695
----------------
0
11
0.0383464
0.00200825
0.00127821
0.00114717
----------------
1
11
0.0371138
0.00157358
0.00123713
0.00114723
