GEN : 3
TOT FIT : 0.0539935
0.00111448
0.00111471
0.00112838
0.0011341
0.00114414
0.00114772
0.00114938
0.00115135
0.00117672
0.00117861
0.00118352
0.00118507
0.00118553
0.00118884
0.0012009
0.00121562
0.00122152
0.00122924
0.00123851
0.00123923
0.00124381
0.00124786
0.00125738
0.00126985
0.00130901
0.00130998
0.001317
0.00132819
0.00133697
0.00136792
0.00138452
0.00162709
0.00164225
0.00166079
0.00166599
0.0016796
0.0016949
0.00169497
0.00218554
0.00224225
----------------
GEN : 1
TOT FIT : 0.0518951
0.00111435
0.00111567
0.00112466
0.00113703
0.00114251
0.0011464
0.00114967
0.00115678
0.00117248
0.0011737
0.00117655
0.00118298
0.00118358
0.00118467
0.0011849
0.00118494
0.00118515
0.00118581
0.00118633
0.00118966
0.0011973
0.00123356
0.00124903
0.00125078
0.00125554
0.00128246
0.0012918
0.00129716
0.00130499
0.00140089
0.00142165
0.00143527
0.00145296
0.00147131
0.0014835
0.00150784
0.0015134
0.00154751
0.00172593
0.0022944
----------------
GEN : 2
TOT FIT : 0.0533875
0.0011136
0.00111469
0.00112596
0.00112915
0.00113229
0.00113356
0.00114063
0.00115105
0.00115175
0.00116924
0.0011743
0.00117941
0.00118476
0.00119054
0.00121344
0.00121422
0.00122633
0.00122981
0.00126497
0.00129198
0.00129386
0.00131077
0.0013343
0.00134306
0.00134921
0.00135026
0.00138256
0.00141722
0.00141915
0.00142926
0.00145096
0.00145363
0.00145821
0.00150016
0.0015084
0.00157773
0.00170681
0.00172304
0.00188729
0.00195991
----------------
GEN : 3
TOT FIT : 0.0519446
0.00111398
0.00111406
0.0011143
0.00112461
0.00112988
0.00113541
0.00113999
0.00114632
0.00114857
0.00115099
0.00115281
0.00115473
0.00117796
0.00118155
0.00118276
0.00118586
0.00119799
0.00120817
0.00121201
0.00122355
0.00122746
0.00123639
0.00124018
0.00125266
0.00125329
0.00125431
0.00125485
0.0012779
0.00129652
0.00131838
0.00135466
0.00138899
0.00139418
0.00145883
0.00148509
0.00152793
0.00154941
0.00169595
0.00213403
0.00214805
----------------
GEN : 4
TOT FIT : 0.0520626
0.00111455
0.00111782
0.0011228
0.00112949
0.00112987
0.00113572
0.00114761
0.00114981
0.00115355
0.00115407
0.00117454
0.00118348
0.00118507
0.0011854
0.00118564
0.00118772
0.00119529
0.0012036
0.00121337
0.00121376
0.00121793
0.00122044
0.00123954
0.00126659
0.00126697
0.00129512
0.00129975
0.00130238
0.00130611
0.00130753
0.00133962
0.00136613
0.00141132
0.00142986
0.00157116
0.00159696
0.00165876
0.00169825
0.00194085
0.00204419
----------------
GEN : 5
TOT FIT : 0.0504829
0.00111345
0.00111421
0.00111434
0.00111465
0.00111483
0.00112061
0.00113617
0.00114228
0.00114265
0.00115378
0.00115928
0.00116233
0.001168
0.00118249
0.0011828
0.00118665
0.00118691
0.00118822
0.00119021
0.00119665
0.00119669
0.00119676
0.00119819
0.00119902
0.00120299
0.00122109
0.00122347
0.00122638
0.00126429
0.00126588
0.00127314
0.00129556
0.00142653
0.00144678
0.00145721
0.00153935
0.00156715
0.00164582
0.00177337
0.00179277
----------------
GEN : 6
TOT FIT : 0.0499417
0.00111381
0.00111443
0.00112428
0.00112561
0.00113549
0.00113706
0.00114594
0.00114816
0.00117049
0.00118216
0.00118291
0.00118393
0.00118397
0.00118398
0.00118417
0.00118472
0.00118488
0.00118756
0.00118889
0.00119684
0.00119865
0.00120063
0.00120101
0.00120136
0.00121398
0.00121712
0.00122483
0.00124879
0.00126917
0.00128442
0.00128736
0.00128997
0.00129885
0.00130284
0.00131591
0.00140428
0.0015195
0.00155562
0.00159216
0.00185591
----------------
GEN : 7
TOT FIT : 0.050552
0.00111429
0.00111461
0.00111945
0.00112902
0.00113224
0.00114503
0.00115808
0.00116319
0.00116332
0.00116475
0.00117045
0.00117125
0.00117225
0.00118164
0.00118165
0.0011837
0.00118419
0.00118487
0.00118508
0.00118617
0.00120247
0.00120567
0.00123332
0.00124051
0.00124513
0.00126445
0.00127926
0.00128303
0.00128837
0.00129507
0.00131939
0.0013244
0.00135133
0.00135255
0.00137053
0.00137983
0.00145752
0.00148959
0.00186876
0.00189553
----------------
GEN : 8
TOT FIT : 0.0541216
0.00111338
0.00111466
0.00111742
0.00112376
0.00112881
0.00115104
0.00115898
0.00116484
0.00117592
0.00118319
0.0011854
0.00118574
0.00118806
0.00119494
0.00120017
0.00121386
0.00121464
0.00121822
0.00123161
0.00124642
0.00125607
0.00126857
0.00128517
0.00130581
0.00134027
0.00134568
0.00134782
0.00136861
0.0014175
0.00142019
0.00144244
0.00148737
0.00162864
0.00163529
0.0016599
0.00167603
0.00185931
0.0018895
0.00190581
0.00207056
----------------
GEN : 9
TOT FIT : 0.0528485
0.00111391
0.00111567
0.00111855
0.00112394
0.0011558
0.00115806
0.00115987
0.00116215
0.00117517
0.0011773
0.00118275
0.00118455
0.00118517
0.00118869
0.00118912
0.00118919
0.00121856
0.00121883
0.00122524
0.00122943
0.00123228
0.00125394
0.00126273
0.00126643
0.00127471
0.00128283
0.00132797
0.00132953
0.00133925
0.00134695
0.00136998
0.00137293
0.00138745
0.00155131
0.00169647
0.00174343
0.00175701
0.00177082
0.00181441
0.00199616
----------------
GEN : 10
TOT FIT : 0.0510794
0.00111481
0.00113354
0.00114904
0.00115389
0.00115524
0.00115967
0.00116343
0.00116359
0.0011638
0.00118294
0.00118412
0.00118496
0.00118531
0.00118894
0.0011945
0.00119955
0.00121047
0.00121352
0.0012231
0.00123206
0.00125447
0.00125521
0.00127593
0.00128107
0.00128858
0.00130136
0.00131288
0.00131968
0.00133051
0.00135102
0.00136504
0.00136758
0.00136819
0.00136827
0.00139631
0.00140286
0.00141719
0.00155222
0.00159891
0.00171563
----------------
GEN : 11
TOT FIT : 0.0517593
0.00111435
0.00111461
0.00112378
0.00114282
0.00116171
0.00116772
0.00116938
0.00117705
0.00118337
0.00118569
0.001191
0.0011955
0.00119598
0.00119723
0.00120185
0.00120428
0.00121007
0.00122171
0.00122549
0.00123224
0.00124281
0.0012434
0.00125512
0.00126181
0.00126867
0.00129023
0.00130792
0.00133643
0.00134167
0.00136524
0.00139716
0.00139995
0.00142473
0.00146824
0.0015009
0.00150389
0.00151426
0.00165905
0.00166882
0.00169319
----------------
GEN : 12
TOT FIT : 0.0502126
0.00111369
0.00111391
0.00111458
0.001117
0.00112822
0.00112972
0.00113633
0.00113737
0.00114604
0.0011473
0.00115264
0.00116269
0.00116737
0.00117425
0.00117879
0.00118133
0.00118181
0.00118395
0.00119093
0.00120097
0.00120831
0.00121049
0.0012123
0.00121305
0.00122268
0.00124757
0.00125257
0.00126969
0.00128016
0.00128716
0.00129102
0.00135304
0.00138687
0.00140131
0.00142326
0.00151412
0.00155907
0.00157723
0.00159294
0.00165081
----------------
GEN : 13
TOT FIT : 0.0512558
0.00111426
0.00111426
0.00111436
0.00111819
0.00112031
0.00112891
0.00113917
0.00114486
0.00114501
0.00115005
0.00116501
0.0011678
0.00117482
0.00118265
0.0011843
0.00118539
0.00119693
0.00119811
0.00120039
0.00123098
0.00123732
0.00125149
0.00125725
0.00126445
0.00127074
0.00127903
0.00128094
0.00128402
0.00128451
0.00129718
0.00130504
0.00133715
0.00136626
0.00140993
0.00145474
0.00153407
0.0015778
0.00164621
0.00181016
0.00193169
----------------
GEN : 14
TOT FIT : 0.051393
0.00111292
0.0011147
0.00111545
0.0011199
0.00112125
0.00112542
0.001141
0.00115288
0.00115423
0.00115638
0.00115959
0.00117022
0.00118369
0.00118429
0.00118795
0.00119666
0.00120296
0.00122909
0.00123259
0.00123774
0.00123802
0.00124214
0.00124604
0.0012513
0.00125947
0.00126195
0.00126436
0.00127623
0.00128636
0.00129509
0.00131171
0.00134259
0.00137131
0.00143121
0.00152407
0.00158545
0.00166701
0.00173369
0.00175197
0.00175412
----------------
GEN : 15
TOT FIT : 0.052411
0.00112093
0.00112272
0.00114923
0.00114967
0.00116081
0.00116841
0.00117255
0.00117725
0.0011852
0.00118622
0.00118742
0.00119167
0.00119284
0.00119296
0.0011931
0.00119638
0.00120026
0.00121022
0.00122271
0.00123088
0.00123254
0.00126201
0.00126438
0.00126932
0.00128091
0.00128457
0.00129964
0.00131897
0.00132363
0.00135551
0.00135718
0.00137271
0.00144789
0.00149708
0.00150754
0.00152816
0.00165156
0.00176726
0.00187507
0.00190361
----------------
GEN : 16
TOT FIT : 0.0514883
0.00111312
0.00111395
0.00111413
0.00111432
0.00112714
0.00112903
0.00115702
0.00116154
0.00117658
0.00117886
0.00118031
0.00118249
0.00118303
0.00118313
0.00118748
0.0011984
0.00120273
0.00120444
0.00120889
0.00121438
0.00123847
0.0012404
0.00124904
0.00127463
0.0012774
0.00128129
0.00128501
0.00130135
0.00132108
0.00132524
0.00135494
0.00136675
0.00138185
0.00145927
0.00146523
0.00147954
0.00151928
0.00152593
0.00152874
0.00228194
----------------
GEN : 17
TOT FIT : 0.0519121
0.00112397
0.00113652
0.001139
0.00116091
0.0011706
0.00117408
0.00118132
0.00118324
0.00118348
0.00118364
0.00118459
0.00118503
0.00118541
0.00118795
0.00119129
0.00119987
0.00120779
0.00121032
0.00121315
0.00121687
0.00121999
0.00122801
0.00124135
0.00124288
0.00125748
0.00126491
0.00126576
0.00128718
0.00129237
0.00129832
0.00134386
0.00141069
0.00146457
0.00147537
0.00153339
0.00156089
0.00160856
0.00163655
0.00164912
0.00201176
----------------
GEN : 18
TOT FIT : 0.0519117
0.00111379
0.00111437
0.00111598
0.00111647
0.00111707
0.00111797
0.00111957
0.00112285
0.00112949
0.00114069
0.00115609
0.00118439
0.00118499
0.00118851
0.00119635
0.00120197
0.001203
0.00122413
0.00123224
0.00123365
0.00123776
0.00127338
0.00128065
0.00128908
0.00129316
0.00129441
0.00130308
0.00133149
0.00133573
0.00134
0.00137405
0.00149886
0.0014996
0.00155225
0.00155638
0.00157985
0.00160833
0.00161003
0.00170642
0.0017336
----------------
GEN : 19
TOT FIT : 0.0522173
0.00111453
0.00111459
0.00112702
0.0011354
0.00113805
0.00114748
0.00118041
0.00118222
0.0011824
0.0011842
0.00118633
0.00118659
0.00119067
0.00120487
0.00120674
0.00120818
0.00120979
0.00121058
0.00121416
0.0012166
0.0012292
0.0012437
0.00124558
0.00125975
0.00126393
0.0012742
0.00131529
0.00131906
0.00135064
0.00138426
0.00145561
0.00146264
0.00147021
0.00147336
0.0014963
0.00151331
0.00155129
0.00162835
0.00180952
0.00193026
----------------
GEN : 20
TOT FIT : 0.0525438
0.00111383
0.00111456
0.00112835
0.00114949
0.00116317
0.0011657
0.0011683
0.00117925
0.00118008
0.00118043
0.00118416
0.00118475
0.00118531
0.00119649
0.0011965
0.00121396
0.0012266
0.00124194
0.00124785
0.00124796
0.00124797
0.00125138
0.00125837
0.0012593
0.00127506
0.00129676
0.00131542
0.00131856
0.00133879
0.00140087
0.00140984
0.0014453
0.00145409
0.00147312
0.00149768
0.00155542
0.001646
0.00173426
0.00177525
0.00192165
----------------
GEN : 21
TOT FIT : 0.0511492
0.00111384
0.00113911
0.00114243
0.00114493
0.0011472
0.00115277
0.00115725
0.00117497
0.00117936
0.00118086
0.00118382
0.00118478
0.00118524
0.00118584
0.00118659
0.00118674
0.00119511
0.00119568
0.0011958
0.00120555
0.00121858
0.00122557
0.00122924
0.00124927
0.00125313
0.00128514
0.001309
0.00131457
0.00131575
0.00132809
0.0013297
0.00136918
0.00138895
0.00139079
0.00143062
0.00143823
0.00147868
0.00163501
0.00168322
0.0018386
----------------
GEN : 22
TOT FIT : 0.0505813
0.00111384
0.00112087
0.00112185
0.00112449
0.0011286
0.00113408
0.00114494
0.00114914
0.00114995
0.00116757
0.00116962
0.00116993
0.0011779
0.00117933
0.00118315
0.00118386
0.00118628
0.00118804
0.00120171
0.00120612
0.00121784
0.00122181
0.00122582
0.00123963
0.00124617
0.00125468
0.00125621
0.00125913
0.00126774
0.00129644
0.00129982
0.00130937
0.0013499
0.00136395
0.00140263
0.00151192
0.00158131
0.00161053
0.00168672
0.00177838
----------------
GEN : 23
TOT FIT : 0.0524065
0.00111392
0.00113246
0.0011413
0.00114158
0.001161
0.00116108
0.00116945
0.00117431
0.00117938
0.0011853
0.00118657
0.00118679
0.00118728
0.00118875
0.00118957
0.00119663
0.00120052
0.00120993
0.00121347
0.00121426
0.00122174
0.00123122
0.00125076
0.00125397
0.00125915
0.0012666
0.00129572
0.00131474
0.00132602
0.00133531
0.00137235
0.00141596
0.00143049
0.00146217
0.0014682
0.00150531
0.00159921
0.00184042
0.00191039
0.00211318
----------------
GEN : 24
TOT FIT : 0.0512738
0.00111399
0.00111431
0.00111433
0.00111448
0.00111805
0.00113012
0.00114182
0.00114668
0.00115016
0.00115183
0.00115749
0.00115962
0.00116668
0.00117286
0.0011793
0.0011818
0.00118548
0.00119472
0.00119535
0.001201
0.0012016
0.00122295
0.00122387
0.00123597
0.001237
0.0012406
0.00126655
0.00130371
0.0013171
0.00134422
0.00137317
0.00138653
0.00143451
0.00145771
0.00146124
0.00146284
0.00163912
0.00170134
0.00175702
0.00191667
----------------
GEN : 25
TOT FIT : 0.0511881
0.00113535
0.00113596
0.0011556
0.00115893
0.00117139
0.00117864
0.00118335
0.00118461
0.00118472
0.00118579
0.00118867
0.00119438
0.00119738
0.00119791
0.00120293
0.00120588
0.00122167
0.0012244
0.00122544
0.00122557
0.00122574
0.00123291
0.0012391
0.00124124
0.00125464
0.00126337
0.00127533
0.00128636
0.00129836
0.00130662
0.00130733
0.00132052
0.00133853
0.0013587
0.0013797
0.00142378
0.00160403
0.00160857
0.00165871
0.00180598
----------------
GEN : 26
TOT FIT : 0.0532716
0.00111381
0.00111394
0.00111588
0.00111914
0.00114996
0.0011583
0.00116091
0.00117089
0.00117189
0.00117373
0.00117687
0.00117807
0.00118274
0.00118485
0.00118547
0.0012394
0.00124079
0.00124621
0.00124969
0.00125342
0.00125914
0.0012639
0.00126606
0.00126703
0.00127315
0.0012797
0.00130719
0.00131611
0.00136822
0.00138105
0.00138404
0.00139427
0.0014254
0.00153001
0.00156694
0.00166283
0.00178657
0.00179906
0.00187661
0.00227832
----------------
GEN : 27
TOT FIT : 0.0532276
0.00111461
0.00111693
0.00111795
0.00112512
0.00112725
0.00115673
0.00115919
0.00116184
0.00117233
0.00117736
0.00118279
0.00118537
0.00118541
0.00118783
0.00118988
0.0011952
0.00119591
0.00119865
0.00122458
0.00123053
0.00123297
0.00123499
0.00124307
0.0012468
0.00125936
0.00126688
0.00128009
0.00128295
0.00128607
0.00131217
0.00134123
0.00138232
0.00144585
0.00149431
0.00156101
0.00167
0.00182603
0.00189879
0.00223535
0.00232192
----------------
GEN : 28
TOT FIT : 0.0511661
0.0011128
0.00111316
0.00111498
0.00111829
0.00114951
0.00115148
0.00115316
0.00116098
0.00117531
0.00117642
0.00118321
0.0011842
0.00118437
0.00118451
0.00118478
0.00118535
0.00118593
0.0011882
0.00118964
0.00119701
0.00121331
0.00121703
0.00122177
0.00122568
0.00123294
0.00124973
0.00127515
0.0012758
0.00130898
0.00131626
0.0013203
0.00135001
0.00136603
0.00137196
0.00140925
0.00145838
0.00161092
0.00161583
0.00170122
0.0021323
----------------
GEN : 29
TOT FIT : 0.0499835
0.00111381
0.0011139
0.00111401
0.00111425
0.00111437
0.00111476
0.00111624
0.00114686
0.00114923
0.00115086
0.00115875
0.00116377
0.00117258
0.00117827
0.00118303
0.00118332
0.00118343
0.00118382
0.00118445
0.0011848
0.00118492
0.00118723
0.00119024
0.00119193
0.00119495
0.00119771
0.00121445
0.00122241
0.00123225
0.00129984
0.00130822
0.00131394
0.00131439
0.00134766
0.00136569
0.00149685
0.0015422
0.00160004
0.0016385
0.00191557
----------------
GEN : 30
TOT FIT : 0.0511826
0.00111463
0.00111493
0.00111595
0.00112163
0.00112337
0.0011303
0.00113691
0.00114096
0.0011443
0.0011461
0.00115291
0.00118387
0.00118501
0.00118523
0.00118554
0.00118578
0.00120111
0.00120496
0.00121166
0.00121418
0.00121949
0.00122163
0.00122982
0.00123215
0.00123259
0.00124638
0.00126147
0.00128051
0.00129432
0.00130564
0.00132806
0.00133371
0.00137061
0.0013734
0.00154869
0.00158534
0.00164067
0.00164305
0.00167826
0.00195748
----------------
GEN : 31
TOT FIT : 0.0512768
0.00111481
0.00112697
0.00113577
0.00115466
0.00116031
0.00116109
0.00116826
0.00117236
0.00117684
0.00117878
0.00118356
0.00118426
0.00118569
0.00118649
0.00118757
0.00118872
0.00119757
0.00120476
0.0012144
0.00122353
0.00122505
0.00123252
0.00124134
0.00124194
0.00124375
0.00125158
0.00127103
0.00127655
0.00129909
0.00131153
0.00131563
0.00131596
0.00132039
0.00132312
0.00139105
0.00145869
0.00155692
0.00159072
0.0018135
0.00209004
----------------
GEN : 32
TOT FIT : 0.0522383
0.00111412
0.00111444
0.00111614
0.00112054
0.00113351
0.00113501
0.00114631
0.0011618
0.00116281
0.00117055
0.00117593
0.00118336
0.00118538
0.00118541
0.00118713
0.0011939
0.00119749
0.00120191
0.00120927
0.00121004
0.00121255
0.00122261
0.00122757
0.00124359
0.00125666
0.00125767
0.00128784
0.00129308
0.00132501
0.00136924
0.00137848
0.00138517
0.00147032
0.00151361
0.00164443
0.00170891
0.00172211
0.00173737
0.00179176
0.00188527
----------------
GEN : 33
TOT FIT : 0.0526481
0.00111464
0.00111984
0.00112874
0.00113508
0.00114318
0.00115006
0.0011505
0.0011506
0.00115351
0.00115776
0.00116216
0.00116389
0.00117421
0.00118142
0.00118252
0.00118472
0.00118599
0.00118674
0.00118781
0.00119411
0.00119659
0.00120911
0.00121671
0.00122394
0.00123858
0.00124232
0.0012646
0.00126831
0.00129461
0.0013154
0.00143534
0.0015536
0.00162195
0.00164615
0.00166058
0.00170091
0.0017018
0.00174659
0.00186074
0.00204278
----------------
GEN : 34
TOT FIT : 0.0526137
0.0011143
0.00111493
0.00112084
0.00115306
0.00116238
0.00117326
0.00117364
0.00117453
0.00118304
0.0011877
0.00119186
0.00119295
0.00119337
0.00119993
0.00120095
0.00120553
0.00120757
0.00120793
0.00121535
0.00121945
0.00123547
0.00124083
0.00124089
0.00125882
0.00128249
0.00130746
0.00131388
0.00132187
0.00133557
0.00139088
0.00140305
0.00140881
0.00141582
0.00143847
0.00159507
0.00160478
0.00166415
0.00171487
0.00191386
0.00193408
----------------
GEN : 35
TOT FIT : 0.0518388
0.00111484
0.00111552
0.00113056
0.00113531
0.00114944
0.00115141
0.00115669
0.00116179
0.0011662
0.00116772
0.00117065
0.00118432
0.00118497
0.00118511
0.00118533
0.00118692
0.00118944
0.00120276
0.00121341
0.00121598
0.00121964
0.00122645
0.00123908
0.00123987
0.00124135
0.00124327
0.00125293
0.00125735
0.00127355
0.00127517
0.00130615
0.00135966
0.00144353
0.00147396
0.00158912
0.00159526
0.00161622
0.00162443
0.00183218
0.0021613
----------------
GEN : 36
TOT FIT : 0.0525218
0.00111352
0.00111399
0.00111404
0.00111434
0.00113449
0.00114571
0.0011571
0.0011588
0.00116098
0.00116741
0.00116958
0.00118457
0.00118637
0.00119847
0.00119928
0.00122536
0.00122821
0.00123426
0.00124025
0.00124048
0.00124114
0.00124862
0.00125746
0.00126461
0.00127824
0.00129101
0.00129598
0.00132109
0.00132788
0.00133017
0.00143194
0.00147436
0.00148023
0.00149063
0.00159046
0.00161973
0.00162249
0.00163117
0.00168065
0.00215679
----------------
GEN : 37
TOT FIT : 0.0525763
0.00111443
0.00112802
0.00113508
0.00115238
0.00116247
0.00117288
0.00117601
0.00118016
0.00118404
0.00118458
0.00118533
0.00118557
0.00118671
0.00119072
0.00119285
0.00119496
0.00119691
0.00119748
0.00120157
0.00120273
0.00120513
0.00120571
0.00120641
0.00124533
0.00125418
0.00125769
0.0012594
0.00127258
0.00129177
0.00138418
0.00138673
0.00141728
0.00141962
0.00151242
0.0016333
0.00168677
0.00176204
0.00177332
0.00178853
0.00208899
----------------
GEN : 38
TOT FIT : 0.0525405
0.00111363
0.00111377
0.00111388
0.00111419
0.00111463
0.00112616
0.00112833
0.00112946
0.00114709
0.00114932
0.00116473
0.00116541
0.00117009
0.00118249
0.0011856
0.0011857
0.00119365
0.00122039
0.00122966
0.00124112
0.00124296
0.00124872
0.00124986
0.00125055
0.00125442
0.00125513
0.00126174
0.00128637
0.0012961
0.00129772
0.00132177
0.00134044
0.00140569
0.00145446
0.00153533
0.00161441
0.00172059
0.00198691
0.00202974
0.00229836
----------------
GEN : 39
TOT FIT : 0.0512075
0.0011137
0.00111449
0.0011283
0.00114326
0.0011488
0.00115974
0.00116175
0.00116664
0.00116797
0.00116911
0.00117032
0.00117555
0.00118266
0.00118281
0.00118415
0.00118489
0.00118497
0.00118568
0.00118993
0.00119032
0.00119048
0.00120136
0.00120138
0.0012203
0.00122315
0.00122539
0.0012324
0.00123945
0.00127313
0.0012816
0.00129238
0.00129267
0.00129596
0.00132384
0.00152348
0.00152429
0.00154596
0.00163516
0.00186589
0.00231415
----------------
GEN : 40
TOT FIT : 0.0525515
0.00111436
0.00111445
0.0011324
0.0011372
0.00115303
0.00116475
0.00116904
0.0011811
0.00118312
0.00119814
0.00120485
0.00120886
0.00122068
0.0012223
0.00122366
0.00123287
0.00124425
0.00124842
0.00124884
0.00124933
0.00125247
0.00126173
0.00126565
0.00126572
0.00127524
0.00127929
0.00128359
0.00129842
0.00130011
0.00130403
0.00130791
0.00133984
0.0014498
0.00145572
0.00147273
0.00151211
0.00153311
0.0017832
0.00192739
0.00213178
----------------
GEN : 41
TOT FIT : 0.0516105
0.00111403
0.00113417
0.00114949
0.00115038
0.00116425
0.00117055
0.00118301
0.00118583
0.00118604
0.00118925
0.00118948
0.00119078
0.00119696
0.00119905
0.00121348
0.00122499
0.00122754
0.00123023
0.00124458
0.00125231
0.00125424
0.00126337
0.00126635
0.00127152
0.00130153
0.00130392
0.00130823
0.00131519
0.00132081
0.00133031
0.00135888
0.00136009
0.0014124
0.00141395
0.00144847
0.00147617
0.00148005
0.00150978
0.00160049
0.00181831
----------------
GEN : 42
TOT FIT : 0.0517838
0.00111309
0.00111439
0.00111448
0.00111598
0.00111617
0.00111996
0.00114918
0.00116065
0.00116323
0.0011707
0.0011712
0.00117462
0.00117962
0.00118252
0.0011853
0.00118556
0.00118561
0.00118776
0.00119346
0.00119436
0.00120618
0.00121044
0.00121813
0.00123154
0.00123437
0.0012453
0.00127636
0.00128598
0.00128618
0.00129456
0.00133406
0.00133643
0.00134183
0.0015546
0.00156432
0.00158189
0.00168575
0.00182576
0.00191914
0.0019731
----------------
GEN : 43
TOT FIT : 0.0512189
0.00111844
0.00112365
0.00112645
0.00113116
0.00113124
0.00114176
0.00114383
0.00115209
0.00115616
0.00117313
0.00118012
0.00118504
0.00118822
0.00119192
0.00120801
0.00121809
0.0012241
0.00122867
0.00123324
0.00123465
0.00123624
0.00124093
0.00124684
0.00124747
0.0012508
0.00127189
0.00127974
0.00129409
0.00131794
0.00134351
0.00136187
0.00138507
0.00141777
0.00142771
0.00144109
0.00148527
0.00150653
0.00160322
0.001676
0.00169491
----------------
GEN : 44
TOT FIT : 0.04966
0.0011136
0.00111429
0.00111439
0.0011145
0.00111642
0.00112736
0.00112747
0.00113684
0.00113714
0.00114321
0.00114806
0.00114996
0.00115023
0.00115102
0.00117154
0.00117311
0.00118012
0.00118098
0.00118234
0.00118512
0.00118517
0.00118558
0.00118804
0.00120169
0.00120221
0.00121309
0.00122888
0.00122961
0.00123167
0.00125808
0.00126544
0.00128716
0.00130703
0.00139129
0.00140788
0.00144916
0.00147415
0.0015215
0.00168867
0.00182601
----------------
GEN : 45
TOT FIT : 0.0505783
0.00111451
0.00111461
0.00111492
0.0011189
0.00113374
0.00113385
0.00114132
0.00114534
0.00114611
0.00115488
0.00115874
0.00116338
0.00116973
0.00118382
0.00118493
0.00118498
0.00118516
0.00118522
0.00118553
0.00118648
0.00118878
0.00120022
0.00120821
0.0012133
0.00122133
0.0012454
0.00125098
0.00126751
0.00126925
0.00129998
0.00131242
0.00131816
0.00132218
0.0013562
0.00140777
0.00147371
0.00150516
0.00165602
0.0018379
0.00191767
----------------
GEN : 46
TOT FIT : 0.0517434
0.00111399
0.00111431
0.00111448
0.00111494
0.0011286
0.00114269
0.00116932
0.00116983
0.00117772
0.00118336
0.00118496
0.00118561
0.00118746
0.00118797
0.00118915
0.0011895
0.00119866
0.00119963
0.00120516
0.00120696
0.00120927
0.00122083
0.00122623
0.00122749
0.0012367
0.0012412
0.00126441
0.00127714
0.00131442
0.00135085
0.00136029
0.00139403
0.00147478
0.00149644
0.00154144
0.00155938
0.00158418
0.00174308
0.00174638
0.00191057
----------------
GEN : 47
TOT FIT : 0.0519443
0.0011131
0.00111374
0.00111409
0.00112543
0.0011502
0.00115482
0.00115503
0.00115507
0.00116733
0.00117005
0.00117012
0.00117106
0.00117527
0.00117756
0.00117846
0.00119264
0.00119845
0.00120726
0.00122982
0.00123719
0.00124009
0.00125207
0.00126143
0.0012639
0.00128059
0.00128411
0.00129104
0.00130689
0.00130745
0.0013165
0.00131803
0.00131906
0.00134362
0.00135168
0.00157046
0.00157483
0.0017421
0.00177149
0.00180321
0.00198907
----------------
GEN : 48
TOT FIT : 0.053152
0.00115405
0.00116461
0.0011653
0.00117108
0.00118028
0.00118433
0.00118441
0.00118469
0.00118484
0.001185
0.00118532
0.0011861
0.00118782
0.00119225
0.00120121
0.0012108
0.00121514
0.00121643
0.00121707
0.00124469
0.00125599
0.00127104
0.00127897
0.00128774
0.00128932
0.00129294
0.00131443
0.00133284
0.00133647
0.00137482
0.00147423
0.00147967
0.00148867
0.00150767
0.00152805
0.00155892
0.00166276
0.00181217
0.00188653
0.00190331
----------------
GEN : 49
TOT FIT : 0.0513032
0.00111415
0.00111448
0.00112883
0.00113927
0.00114778
0.00115525
0.00115641
0.0011587
0.00116548
0.00117827
0.00118323
0.00118403
0.00118416
0.00118424
0.00118538
0.00118939
0.0011961
0.00119863
0.00120283
0.00120844
0.00120996
0.0012133
0.00121352
0.00122045
0.00122335
0.00123975
0.00124238
0.00125065
0.00125705
0.0013064
0.00133148
0.00134258
0.0013625
0.00137938
0.00142859
0.00144135
0.00157095
0.00171328
0.00191078
0.00207048
----------------
GEN : 50
TOT FIT : 0.0505417
0.00111395
0.00111473
0.00111551
0.00111927
0.00114501
0.00116082
0.00116131
0.00116237
0.00116737
0.00117106
0.00117236
0.00117499
0.00118266
0.00118487
0.00119083
0.0011915
0.00119546
0.00119749
0.00119805
0.0012024
0.00120392
0.00120441
0.00121103
0.00121374
0.0012284
0.00122999
0.00125386
0.00126631
0.00129253
0.00130217
0.00132978
0.00133688
0.00135096
0.00136482
0.00137469
0.00140812
0.00141124
0.00144141
0.00173746
0.00205798
----------------
GEN : 51
TOT FIT : 0.0534796
0.00111373
0.00111402
0.00111472
0.00111485
0.00112121
0.00112901
0.00113249
0.00114155
0.00114664
0.00114948
0.00115189
0.00115716
0.0011606
0.00118328
0.00118458
0.00118466
0.00118591
0.00118599
0.00118985
0.00119275
0.00120245
0.00120895
0.00121086
0.00122254
0.00122642
0.0012265
0.00126837
0.00127066
0.00132881
0.00137836
0.00137897
0.00138018
0.00140786
0.00148442
0.00165998
0.00167299
0.00181723
0.00184448
0.00207097
0.00316425
----------------
GEN : 52
TOT FIT : 0.0514973
0.00111292
0.00111423
0.0011145
0.00111455
0.00111867
0.00112956
0.00113206
0.00114537
0.00114747
0.00115314
0.00115592
0.00115639
0.00116715
0.00118509
0.00118512
0.0011957
0.00120049
0.0012011
0.00120619
0.00120771
0.00121771
0.0012183
0.00122443
0.00123006
0.00126714
0.00127119
0.00128005
0.00131471
0.00133511
0.00133803
0.00134948
0.00139345
0.00140893
0.00142409
0.00144859
0.00155459
0.00166349
0.00169255
0.00177474
0.00194736
----------------
GEN : 53
TOT FIT : 0.0514388
0.00111307
0.00111413
0.00111428
0.00111892
0.00113492
0.00114754
0.00114772
0.00114837
0.00114933
0.00116394
0.00116485
0.00117205
0.00117933
0.00118366
0.00118486
0.00119416
0.00119668
0.00119962
0.00120613
0.00120772
0.0012113
0.00122362
0.001226
0.00123273
0.00126027
0.0012606
0.00128208
0.00133668
0.00135493
0.00136491
0.00139799
0.00140322
0.00140606
0.00143408
0.0015025
0.00151387
0.00153763
0.00156895
0.00180712
0.00187298
----------------
GEN : 1
TOT FIT : 0.0525999
0.0011137
0.00111417
0.00111437
0.00111448
0.0011145
0.00112483
0.00113189
0.00114134
0.00115826
0.00116255
0.00117284
0.00117558
0.00117579
0.00118406
0.00118802
0.0011903
0.00119158
0.00119175
0.00120342
0.00122243
0.00122372
0.00122777
0.00122834
0.00122951
0.00123042
0.00123151
0.00127259
0.00131417
0.00135906
0.00139359
0.00143363
0.00147059
0.00148333
0.00155954
0.00159774
0.00170017
0.00179629
0.00184679
0.00190496
0.00191036
----------------
GEN : 2
TOT FIT : 0.0531307
0.00111423
0.00111437
0.00111464
0.00111471
0.00111848
0.00112329
0.00112467
0.00112977
0.00113458
0.00114175
0.0011544
0.00115518
0.00118357
0.00118405
0.0011865
0.00118884
0.00119234
0.00119682
0.00119828
0.00119851
0.00120576
0.00121938
0.00122446
0.00123369
0.00124111
0.00124552
0.0012481
0.00125319
0.0013495
0.00135154
0.00147074
0.00147394
0.00163134
0.00168062
0.00168717
0.00176736
0.00179298
0.00181386
0.00181912
0.00235233
----------------
GEN : 3
TOT FIT : 0.0523414
0.0011137
0.00111413
0.00114576
0.00114641
0.00114966
0.00116108
0.00116943
0.00117776
0.00118003
0.00118404
0.00118514
0.00118557
0.00118596
0.00118598
0.00118676
0.00118806
0.00118878
0.0011911
0.0012002
0.00121878
0.00122163
0.00122483
0.0012363
0.00125013
0.00127371
0.00128051
0.00130405
0.0013083
0.00131865
0.00137646
0.00137898
0.00141514
0.00145287
0.00156459
0.00158143
0.00159923
0.00163179
0.00174113
0.00183957
0.00188381
----------------
GEN : 4
TOT FIT : 0.051556
0.00111394
0.00111712
0.00112299
0.00112595
0.0011351
0.00114008
0.00114056
0.00114859
0.00115233
0.00118429
0.0011843
0.00118531
0.00118844
0.00119383
0.00119696
0.00120065
0.00120498
0.00122184
0.0012247
0.00122936
0.0012387
0.00124271
0.00126017
0.00127565
0.00127625
0.00127778
0.0012943
0.0013329
0.00133395
0.00133728
0.00136142
0.00137282
0.00138248
0.001398
0.001493
0.00150235
0.00156856
0.00159122
0.00164924
0.00195591
----------------
GEN : 5
TOT FIT : 0.051936
0.00111387
0.00112518
0.00112715
0.0011335
0.00116033
0.00117188
0.00117403
0.00118165
0.00118447
0.00118466
0.00118514
0.00120661
0.00121135
0.00121658
0.00121952
0.00122259
0.00122331
0.00122556
0.00123185
0.00123455
0.00124389
0.00125385
0.00125705
0.00126024
0.00126178
0.00126211
0.00127816
0.00132563
0.00132804
0.00134366
0.00136674
0.00137153
0.00140821
0.00146741
0.00147114
0.00148876
0.00150288
0.00158718
0.00184765
0.00187628
----------------
GEN : 6
TOT FIT : 0.0508234
0.00111419
0.00111454
0.00111825
0.00112136
0.0011217
0.00112528
0.00113085
0.00115367
0.00116075
0.00116324
0.00117195
0.00117441
0.00118032
0.00119382
0.00119587
0.00120343
0.00120839
0.00121368
0.00121568
0.00122007
0.00122881
0.00123138
0.00124294
0.00124774
0.00124826
0.00126004
0.00127481
0.00128644
0.00129596
0.00131677
0.00133298
0.0013397
0.00137734
0.00138019
0.00138445
0.00141106
0.00141207
0.00157663
0.00161184
0.00206255
----------------
GEN : 7
TOT FIT : 0.0506862
0.00111436
0.00111458
0.0011147
0.00111538
0.00112684
0.00116143
0.0011628
0.00117506
0.00117522
0.00117578
0.00117736
0.0011836
0.00118444
0.0011849
0.00118536
0.00118585
0.00118868
0.00119458
0.00120327
0.0012046
0.00120496
0.00120583
0.00120959
0.00121766
0.0012455
0.00125458
0.00127458
0.00129191
0.00129939
0.00132069
0.0013267
0.00133769
0.00135426
0.00136989
0.00138453
0.00139095
0.00144002
0.00167627
0.00176298
0.00178941
----------------
GEN : 8
TOT FIT : 0.0516816
0.00111334
0.00111412
0.00111424
0.0011152
0.00112395
0.00114381
0.00114817
0.00116255
0.00117635
0.00118331
0.00118429
0.00118454
0.00118457
0.00118518
0.00118524
0.0011858
0.00119254
0.00119385
0.0011942
0.00119523
0.00120474
0.00121073
0.0012136
0.00121515
0.00121737
0.00124665
0.00125252
0.00126569
0.00127267
0.00129029
0.00132374
0.00133999
0.00136701
0.00136877
0.00137796
0.00164052
0.00166551
0.00193119
0.0019608
0.00203629
----------------
GEN : 9
TOT FIT : 0.0511963
0.00111383
0.00111442
0.00111484
0.0011153
0.00111604
0.00111961
0.00111979
0.00114721
0.00115274
0.00116151
0.00116211
0.00116885
0.00118093
0.00118356
0.00118493
0.00118504
0.00118564
0.00118566
0.00118668
0.00119697
0.00119773
0.00121875
0.00121941
0.00122345
0.00122822
0.00123253
0.00124374
0.00124485
0.00127513
0.00129178
0.0012972
0.00130664
0.00131011
0.00131795
0.00136844
0.00153064
0.00167027
0.00177308
0.00186856
0.00228214
----------------
GEN : 10
TOT FIT : 0.0514209
0.00111374
0.00111451
0.00111504
0.00112142
0.00113156
0.00114423
0.00115848
0.00116706
0.00116722
0.0011676
0.00116819
0.00117872
0.00118482
0.00118496
0.00118604
0.00118615
0.00118652
0.00118871
0.0011889
0.00119272
0.0011992
0.00120341
0.00121255
0.00121791
0.00122265
0.00122708
0.00123554
0.00124832
0.00125091
0.00125286
0.00126306
0.00128328
0.00129661
0.00137946
0.00138202
0.00162229
0.00162898
0.00179752
0.00198444
0.0022662
----------------
GEN : 11
TOT FIT : 0.0537882
0.00111552
0.00112845
0.00113322
0.0011531
0.00116527
0.00117071
0.00117569
0.00117581
0.00117688
0.00118488
0.00118608
0.00118784
0.00118885
0.00119282
0.00119711
0.00119713
0.00119756
0.00120579
0.00120846
0.00121105
0.00121158
0.00122636
0.00123284
0.00125912
0.00126215
0.00129363
0.00129547
0.0013344
0.00134983
0.00135127
0.00139192
0.0014256
0.00152523
0.00161849
0.0016473
0.00170757
0.00177324
0.00180677
0.00199261
0.00253061
----------------
GEN : 12
TOT FIT : 0.0515543
0.00111452
0.00113762
0.00113847
0.00114306
0.00115446
0.00116544
0.0011681
0.00116979
0.00117341
0.00117908
0.00118139
0.00118317
0.00118332
0.00118523
0.00118626
0.00118815
0.00118881
0.00119077
0.00120468
0.00120608
0.00121325
0.00122949
0.00123149
0.00123778
0.00123802
0.00125662
0.00126146
0.00126521
0.00128636
0.0013062
0.00130801
0.00131794
0.00131806
0.0014472
0.00151707
0.00156666
0.00166098
0.00171415
0.00172013
0.00201643
----------------
GEN : 13
TOT FIT : 0.0525978
0.00111409
0.00111445
0.00113317
0.00114061
0.00114469
0.001147
0.00114741
0.00114768
0.00114938
0.00116089
0.00116792
0.00117888
0.00118454
0.00118477
0.00118544
0.00118583
0.0011884
0.00118974
0.00119662
0.00120062
0.00121053
0.00121397
0.00121829
0.00128257
0.00130783
0.00130913
0.00132472
0.00135556
0.0013588
0.0013926
0.00140643
0.00140645
0.00140957
0.00143666
0.00148162
0.00157193
0.0017596
0.00177848
0.00189107
0.00221983
----------------
GEN : 14
TOT FIT : 0.0508275
0.00111394
0.00111448
0.00111449
0.00111528
0.00112657
0.00113078
0.00115688
0.00115873
0.00117477
0.00117642
0.00117846
0.00118061
0.00118254
0.00118254
0.00118384
0.00118415
0.00118445
0.00118501
0.00118833
0.00119048
0.00119225
0.00120324
0.00120826
0.0012281
0.00125395
0.0012665
0.00129116
0.0012935
0.00130824
0.00131516
0.00132309
0.00134599
0.00135016
0.00138129
0.001393
0.00141512
0.00149204
0.00162166
0.0017936
0.00192841
----------------
GEN : 15
TOT FIT : 0.0520612
0.00111999
0.0011276
0.00112918
0.0011352
0.00113834
0.00114585
0.0011459
0.00115804
0.00116774
0.00116933
0.0011825
0.00118286
0.00118327
0.00118379
0.00118456
0.00118477
0.00118721
0.00118835
0.00120448
0.00120586
0.00122906
0.00123378
0.00126525
0.00127268
0.00131194
0.00131442
0.00133863
0.00133916
0.00134824
0.00135826
0.00138572
0.0014068
0.00143951
0.00144428
0.00147342
0.00149195
0.00159992
0.00176369
0.00181145
0.0019082
----------------
GEN : 16
TOT FIT : 0.0527308
0.00111428
0.00111432
0.0011463
0.00114722
0.00115942
0.00115961
0.00116274
0.00116463
0.00117795
0.00118346
0.00118406
0.00118433
0.00118509
0.00118657
0.0011887
0.00119272
0.00120267
0.00120665
0.00121145
0.00121332
0.00122377
0.00122515
0.00123284
0.00124888
0.00125468
0.00129316
0.00130625
0.00132249
0.00136026
0.00137339
0.00144055
0.00145024
0.00147283
0.00156567
0.00158772
0.00164428
0.00169728
0.00174609
0.00189172
0.001908
----------------
GEN : 17
TOT FIT : 0.0534413
0.00111437
0.00111728
0.00112757
0.00114615
0.00115636
0.00115642
0.00116289
0.00117523
0.00118316
0.00118412
0.00118425
0.00118444
0.00118597
0.00118821
0.00118832
0.00120417
0.00121135
0.00121758
0.0012268
0.00122772
0.00122888
0.00122981
0.00123954
0.00126174
0.00126375
0.00127378
0.00131139
0.00131164
0.00133231
0.00134023
0.00135352
0.00142899
0.00152243
0.00157023
0.00160378
0.00161919
0.00167526
0.00178247
0.00203328
0.0025167
----------------
GEN : 18
TOT FIT : 0.0510791
0.00111392
0.00111447
0.00111679
0.00112457
0.00114429
0.0011534
0.00116264
0.00118043
0.00118236
0.00118346
0.0011838
0.00118405
0.00118416
0.00118625
0.00118703
0.0011981
0.00120239
0.00120877
0.00121745
0.00122738
0.00123217
0.00123421
0.001236
0.00125286
0.00126125
0.00128461
0.00130902
0.00131235
0.0013195
0.00132142
0.00135041
0.00135317
0.00135709
0.00136661
0.00139156
0.00143204
0.00147476
0.00159857
0.00175023
0.00178562
----------------
GEN : 19
TOT FIT : 0.0499684
0.0011132
0.00111413
0.00111479
0.00113021
0.00113378
0.00113475
0.00114225
0.00114913
0.00115825
0.00116332
0.00117281
0.00117394
0.00117526
0.00117671
0.00118384
0.00118432
0.00118581
0.0011931
0.00120424
0.00120613
0.00121469
0.00121565
0.00122675
0.00122794
0.00122882
0.00124247
0.00125534
0.00125552
0.00128526
0.00129708
0.00130431
0.0013067
0.00133337
0.00136511
0.00137473
0.00140523
0.0014119
0.00148597
0.00163678
0.00168485
----------------
GEN : 20
TOT FIT : 0.0501078
0.00111322
0.00111465
0.00111594
0.00111909
0.00112607
0.00115013
0.00115663
0.00115735
0.00117202
0.00117713
0.00117808
0.0011808
0.00118272
0.00118296
0.00118305
0.00118516
0.0011877
0.00121084
0.00121173
0.00121581
0.00122697
0.00122782
0.00125595
0.00126083
0.00127247
0.00127658
0.00128783
0.00129144
0.00129436
0.00129608
0.00129708
0.00129963
0.00131168
0.00136246
0.00137911
0.00141095
0.00144709
0.00146828
0.00151487
0.00160527
----------------
GEN : 21
TOT FIT : 0.0535504
0.00112505
0.0011303
0.00114756
0.00116187
0.0011619
0.00117402
0.0011783
0.00117869
0.00117975
0.00118403
0.00118423
0.00118539
0.00118547
0.00118862
0.00118958
0.00119425
0.00119941
0.00122912
0.00123951
0.00126858
0.00128426
0.00128455
0.00129605
0.00131904
0.00135722
0.00137509
0.0013866
0.00139739
0.0014086
0.00143506
0.00145162
0.00146181
0.00149194
0.00149355
0.00149564
0.00154761
0.00164699
0.00185349
0.00190016
0.00197809
----------------
GEN : 22
TOT FIT : 0.0521551
0.00111296
0.00111452
0.00111581
0.00111872
0.00111928
0.001123
0.00114247
0.00114689
0.00117339
0.00117793
0.00118224
0.00118408
0.00118508
0.00118594
0.00118616
0.00119314
0.00119733
0.00120231
0.00120351
0.00120464
0.00120718
0.00121725
0.0012192
0.00122314
0.00123038
0.00123484
0.00127421
0.00129788
0.00134288
0.00136384
0.00139543
0.00142748
0.00143686
0.00152147
0.00157089
0.00159854
0.00160719
0.00167612
0.00190479
0.00213616
----------------
GEN : 23
TOT FIT : 0.0496604
0.00111387
0.00111422
0.00112121
0.00112685
0.00113688
0.00114307
0.00114917
0.00116568
0.00117155
0.00118133
0.0011828
0.00118358
0.00118384
0.00118477
0.00118754
0.00119454
0.00119734
0.00119828
0.00120321
0.00120935
0.00121966
0.00122519
0.00122968
0.00123048
0.00123112
0.00123406
0.00123416
0.00124459
0.00124831
0.00124949
0.00128589
0.00131089
0.00132431
0.0013256
0.00138294
0.00140443
0.00146267
0.0014882
0.0014893
0.00149034
----------------
GEN : 24
TOT FIT : 0.0519951
0.00111355
0.00111431
0.00111466
0.00111619
0.00112924
0.00113532
0.00113859
0.00117053
0.00117176
0.00117606
0.0011787
0.00118436
0.00118448
0.0011861
0.00118677
0.00119053
0.001205
0.00121129
0.0012173
0.00123595
0.00125917
0.00128229
0.00129029
0.00129914
0.00132101
0.00132114
0.00132262
0.00132851
0.00133172
0.00134954
0.0013652
0.00136812
0.00137049
0.00152388
0.00153631
0.00154541
0.00155977
0.00157568
0.00170269
0.00198137
----------------
GEN : 25
TOT FIT : 0.0513814
0.00111341
0.00111401
0.00111431
0.00111443
0.0011145
0.00112161
0.00112378
0.00113374
0.00113528
0.00115589
0.00116076
0.00116284
0.0011795
0.00118371
0.00118462
0.00118472
0.0011851
0.00118568
0.00119495
0.00120672
0.00120994
0.00121223
0.00121442
0.00121747
0.00122158
0.00123004
0.0012318
0.00123454
0.00124312
0.00125462
0.00128637
0.00130204
0.00133867
0.00134059
0.00135485
0.00146065
0.00155187
0.001562
0.00196826
0.00287676
----------------
GEN : 26
TOT FIT : 0.049816
0.00111374
0.00111409
0.0011158
0.00111895
0.00112455
0.00112591
0.00114362
0.00114606
0.00116908
0.00117566
0.00117827
0.00117992
0.00118397
0.00118434
0.00118442
0.00118463
0.00118594
0.00118656
0.00119257
0.00120395
0.00120587
0.00121133
0.00122426
0.00122653
0.00124033
0.00124405
0.00124973
0.00125207
0.00125586
0.00125587
0.0012567
0.0012914
0.00130001
0.00131123
0.00135859
0.00137163
0.00143745
0.00145797
0.00145844
0.00199464
----------------
GEN : 27
TOT FIT : 0.052898
0.00111426
0.00111861
0.00112106
0.00113397
0.00114173
0.00115369
0.00115732
0.00116051
0.00116476
0.00117419
0.00117487
0.00118261
0.00118785
0.00118826
0.00119251
0.00119832
0.00120253
0.00120783
0.00121887
0.00122063
0.001224
0.0012352
0.00123565
0.00123933
0.00124852
0.00127682
0.00130396
0.00131891
0.00131891
0.0013234
0.00135316
0.00141308
0.0014792
0.00150421
0.00154918
0.00160494
0.0017988
0.0018271
0.00183708
0.00239218
----------------
GEN : 28
TOT FIT : 0.0539143
0.00111412
0.00111437
0.00111458
0.00111487
0.00111757
0.00112127
0.00112613
0.00113453
0.00113733
0.00114337
0.00115442
0.00117675
0.00118371
0.00118468
0.001186
0.00118932
0.00118949
0.00119189
0.00119846
0.0012004
0.00122224
0.00122311
0.00124258
0.0012505
0.00125859
0.00127969
0.00129075
0.00129295
0.00133459
0.00143808
0.00150548
0.00150677
0.00152504
0.00158856
0.0016385
0.00173245
0.00187043
0.00216439
0.00217562
0.00228072
----------------
GEN : 29
TOT FIT : 0.0541727
0.00111392
0.00111446
0.0011147
0.0011289
0.0011299
0.00114497
0.0011541
0.00115989
0.00116298
0.00117866
0.00118445
0.00118583
0.0011868
0.00118694
0.00118808
0.00118836
0.00119254
0.00119825
0.00120632
0.00120973
0.00121857
0.00122089
0.00122523
0.00122789
0.00124863
0.00137754
0.00140376
0.00144495
0.00148785
0.00152273
0.00152354
0.00152604
0.00164771
0.0016497
0.00166698
0.00171599
0.00184909
0.00192444
0.00194991
0.00201146
----------------
GEN : 30
TOT FIT : 0.0526848
0.00111457
0.00111524
0.00113895
0.00114226
0.00114464
0.00115535
0.00116115
0.00118485
0.00118608
0.00119765
0.00119924
0.00120049
0.00120519
0.00120667
0.00120807
0.00121401
0.00121546
0.00121856
0.0012267
0.00123297
0.00124048
0.00124944
0.00125506
0.00125655
0.00127462
0.00128981
0.00133607
0.00134056
0.00134691
0.00135457
0.00141485
0.00141501
0.00145195
0.00152455
0.00152912
0.00159725
0.00161778
0.00176944
0.0018036
0.00194907
----------------
GEN : 31
TOT FIT : 0.0514544
0.00111522
0.00112342
0.00113806
0.00114848
0.00115142
0.00115931
0.00116198
0.00117079
0.00118173
0.00118531
0.00118946
0.00119642
0.00119756
0.00121157
0.00121312
0.00121592
0.00122058
0.00122147
0.00122504
0.00122605
0.00122752
0.00123129
0.00123995
0.00125033
0.0012576
0.00125936
0.00126923
0.00128084
0.00128172
0.00128933
0.00130202
0.00130877
0.00133725
0.0013578
0.00140547
0.00142848
0.00146188
0.00165354
0.00174626
0.00221291
----------------
GEN : 32
TOT FIT : 0.0514769
0.00112276
0.00113246
0.00113889
0.0011451
0.00115749
0.00115867
0.00116209
0.00118083
0.00118503
0.00118518
0.00118816
0.00119056
0.00119361
0.00119738
0.00119888
0.00120246
0.00120304
0.00121256
0.00121998
0.00122179
0.00122324
0.0012366
0.00124899
0.0012812
0.00129072
0.00130416
0.0013141
0.00132494
0.00133149
0.00133828
0.00134015
0.0013425
0.00139072
0.00144969
0.00151743
0.00153217
0.00153726
0.00157277
0.00160127
0.00170226
----------------
GEN : 33
TOT FIT : 0.0524998
0.00111368
0.00111629
0.00111838
0.00112067
0.00114724
0.00115976
0.0011603
0.00118236
0.00118735
0.00118781
0.00119163
0.00119385
0.00119586
0.00119815
0.00119864
0.00119888
0.00120512
0.00121022
0.00121163
0.00121169
0.00122113
0.00122508
0.00122616
0.00122745
0.00123175
0.00126348
0.00128615
0.00133165
0.00134364
0.00135387
0.0013911
0.00141616
0.00146169
0.00148174
0.00149527
0.0015232
0.00176182
0.00177427
0.00187176
0.0021029
----------------
GEN : 34
TOT FIT : 0.0516952
0.0011133
0.00111396
0.0011209
0.00112465
0.00113541
0.00115384
0.00115438
0.00116821
0.00117093
0.00117604
0.00117645
0.00118262
0.00118284
0.00118456
0.00118464
0.00118495
0.00118502
0.00118566
0.00118782
0.0012044
0.00120641
0.00121518
0.00121739
0.00123675
0.00124209
0.00125999
0.0012818
0.00128877
0.00132272
0.00132642
0.00134009
0.00135105
0.00142008
0.00143212
0.0014406
0.00148907
0.00150005
0.00167176
0.00195249
0.00220982
----------------
GEN : 35
TOT FIT : 0.0494423
0.00111373
0.00111416
0.00111463
0.00111901
0.00111961
0.00112075
0.00112965
0.00113917
0.00113917
0.0011427
0.00114293
0.00114744
0.00115998
0.00116659
0.00116793
0.00117285
0.0011837
0.00118444
0.00118505
0.00118551
0.00119837
0.00120128
0.0012062
0.00120713
0.00122607
0.00123484
0.00124594
0.0012544
0.00125849
0.0012611
0.00126958
0.0012814
0.00129525
0.00129775
0.00133277
0.00134373
0.00135271
0.00147861
0.00150038
0.00204728
----------------
GEN : 36
TOT FIT : 0.0524267
0.00111351
0.0011142
0.00111429
0.00111532
0.00112847
0.00112892
0.0011293
0.00112967
0.00114877
0.00116471
0.00116608
0.00118252
0.00118417
0.00118479
0.00118564
0.00118602
0.00118632
0.00119408
0.00119822
0.00120897
0.00121081
0.00121418
0.0012269
0.0012294
0.001253
0.00125446
0.00126245
0.00129506
0.00132852
0.00134091
0.00137043
0.00139125
0.00145717
0.00158886
0.00164274
0.00172895
0.00175184
0.00180815
0.00183903
0.00206864
----------------
GEN : 37
TOT FIT : 0.0515389
0.00111385
0.00111445
0.00111464
0.00113025
0.00113046
0.00113768
0.00114688
0.0011525
0.00116403
0.0011715
0.00117273
0.00117595
0.00118396
0.00118425
0.00118437
0.00118444
0.00118446
0.00118526
0.00118542
0.00118619
0.00118774
0.00119853
0.00121551
0.00121843
0.00122148
0.00122654
0.00124358
0.0012863
0.00128646
0.00129983
0.00134167
0.00138634
0.00138738
0.00148432
0.00148625
0.00157475
0.00164247
0.00165901
0.00193607
0.00205292
----------------
GEN : 38
TOT FIT : 0.0513524
0.00112517
0.00112631
0.00113111
0.00113426
0.00114162
0.00114619
0.00115653
0.00115713
0.00117236
0.00117557
0.00117625
0.00118135
0.00118331
0.00118404
0.00118444
0.00118467
0.00118559
0.00118726
0.00118773
0.00119855
0.00119968
0.00120177
0.00120342
0.00121812
0.00122933
0.00126595
0.00126652
0.00128086
0.00128747
0.00131982
0.0013497
0.00142932
0.00144828
0.00148149
0.00148394
0.00148906
0.00150291
0.00153632
0.00161714
0.00222184
----------------
GEN : 39
TOT FIT : 0.0515654
0.00111401
0.00111424
0.00112174
0.00112237
0.00113237
0.00113539
0.00115117
0.00115354
0.00116335
0.00116664
0.00116894
0.00117028
0.00118138
0.00118384
0.00118576
0.00118607
0.0011938
0.00119697
0.0011998
0.00120117
0.00120634
0.00121294
0.00121893
0.00123466
0.00123867
0.00126597
0.00132426
0.00132461
0.00134041
0.00135698
0.00138065
0.00138903
0.00140792
0.00143975
0.00151161
0.00152619
0.00163299
0.00165597
0.00173185
0.00192288
----------------
GEN : 1
TOT FIT : 0.0515725
0.00113718
0.00114925
0.00115844
0.00115848
0.00116698
0.00117242
0.00117478
0.00117479
0.00117598
0.00117723
0.0011819
0.00118381
0.00118502
0.00118505
0.00118642
0.00119214
0.00119752
0.00119759
0.00121303
0.00121673
0.00122015
0.00122137
0.00122184
0.00122913
0.00123508
0.00123836
0.00124194
0.00125996
0.00126016
0.00126585
0.0013039
0.00135226
0.00136155
0.00138013
0.00143683
0.00148295
0.00151062
0.00159154
0.00190359
0.0022706
----------------
GEN : 2
TOT FIT : 0.0519349
0.00111708
0.00112015
0.00112387
0.00112841
0.00115651
0.001165
0.00116905
0.00117426
0.00118306
0.00118468
0.00118484
0.00118561
0.00118684
0.00118847
0.00118996
0.00119018
0.00119185
0.00120628
0.00120631
0.00122775
0.00122855
0.0012289
0.00123515
0.00124882
0.00125905
0.00128743
0.0012876
0.00129368
0.00133743
0.00135393
0.00136491
0.0014399
0.00144328
0.00147573
0.00150729
0.00151136
0.00155605
0.00172776
0.00177717
0.00189072
----------------
GEN : 3
TOT FIT : 0.0502931
0.00111383
0.00112088
0.00114122
0.00114165
0.00116047
0.00117068
0.00117244
0.00117272
0.00117625
0.00117958
0.00118163
0.0011818
0.00118261
0.00118363
0.00118557
0.00119034
0.00120024
0.00120025
0.00120159
0.00120561
0.00121024
0.00121142
0.00121173
0.00121708
0.00121905
0.00122551
0.00122793
0.00124088
0.00125667
0.00125932
0.00126544
0.00126982
0.00135466
0.00136476
0.00141798
0.00145193
0.00147158
0.00151247
0.00161588
0.00182579
----------------
GEN : 4
TOT FIT : 0.0510135
0.00111467
0.00113958
0.00113991
0.00114754
0.00114829
0.00116393
0.00116947
0.0011768
0.00117946
0.0011851
0.00118519
0.00118546
0.00118753
0.00118966
0.00119066
0.00120036
0.00120306
0.00120884
0.00121352
0.00121484
0.00122048
0.00122954
0.00123553
0.00124777
0.00125723
0.00126055
0.00127144
0.00127324
0.00127942
0.00129234
0.00129555
0.00132633
0.00132917
0.00133466
0.00137049
0.00142232
0.00143989
0.00169497
0.00177806
0.00191069
----------------
GEN : 5
TOT FIT : 0.0512315
0.00111359
0.00111435
0.00111453
0.00111629
0.00114671
0.00114794
0.00114911
0.00116336
0.00117589
0.00118226
0.00118288
0.00118309
0.00118441
0.00118443
0.0011847
0.00118595
0.00118772
0.00119017
0.00119591
0.00121942
0.00122325
0.00123232
0.00124029
0.00125722
0.00126494
0.00127602
0.00129538
0.00130471
0.00133293
0.00135881
0.00136292
0.00138224
0.00142286
0.00146378
0.0014733
0.00150935
0.00155414
0.00157392
0.00163592
0.00174449
----------------
GEN : 6
TOT FIT : 0.0524526
0.00111414
0.00111433
0.00111435
0.00112333
0.00112348
0.00114359
0.00114419
0.00115136
0.0011669
0.00118251
0.00118401
0.00118433
0.00118489
0.0011866
0.00118668
0.00119041
0.00119532
0.00119734
0.00120211
0.00120716
0.00122453
0.0012273
0.00122888
0.00123111
0.00123447
0.00125144
0.00126191
0.00126943
0.00127222
0.00132519
0.00135342
0.00138775
0.00139078
0.00142218
0.00153859
0.00173408
0.00179015
0.00192118
0.0019574
0.00213356
----------------
GEN : 7
TOT FIT : 0.0501369
0.00111376
0.00111385
0.00111429
0.00111456
0.00111917
0.00112943
0.00113016
0.00115734
0.00115777
0.00116129
0.00116544
0.0011742
0.00117875
0.00118217
0.00118293
0.00118304
0.0011863
0.0011872
0.00118792
0.00118953
0.0011897
0.00119495
0.00119547
0.00120206
0.00120591
0.00121464
0.00121523
0.00123951
0.00124033
0.00124339
0.00128355
0.00128827
0.00129314
0.00138123
0.001536
0.00156356
0.00157682
0.0015929
0.00166211
0.001689
----------------
GEN : 8
TOT FIT : 0.0532578
0.001126
0.00112622
0.00112798
0.00113466
0.00114273
0.00114873
0.00114994
0.00115748
0.00115977
0.00116272
0.00117343
0.00118227
0.00118303
0.00118482
0.0011853
0.00118621
0.00119096
0.00119141
0.00119565
0.00121792
0.00121877
0.00122111
0.00122527
0.00122852
0.00123119
0.00124562
0.00125047
0.00127575
0.00130223
0.00131658
0.00135204
0.00135913
0.00159996
0.00170147
0.00171385
0.00171671
0.00176886
0.00199899
0.00207835
0.00212568
----------------
GEN : 9
TOT FIT : 0.0525035
0.00111419
0.00111442
0.00112383
0.0011298
0.0011448
0.00114597
0.00116082
0.00116723
0.0011687
0.00117378
0.00118448
0.00118521
0.00118573
0.00120764
0.00121224
0.00121682
0.00122684
0.00124073
0.00124295
0.00125238
0.00125264
0.00127361
0.00127888
0.00128077
0.00128798
0.00129707
0.00130101
0.00135769
0.00136452
0.00138075
0.00138659
0.0013948
0.00143085
0.00146734
0.00147583
0.0015208
0.00158699
0.00159495
0.00185697
0.00211494
----------------
GEN : 10
TOT FIT : 0.0522959
0.00111386
0.00111806
0.00112679
0.00113499
0.001141
0.00114759
0.00115757
0.00116628
0.00117738
0.0011777
0.00118028
0.00118324
0.00118363
0.00118379
0.00118509
0.00118608
0.00119878
0.00120651
0.00120863
0.00121228
0.00121642
0.00122211
0.00122298
0.00123102
0.00124368
0.0012534
0.00129774
0.00135238
0.00136325
0.00138532
0.00139859
0.00141559
0.00141912
0.00150618
0.00153178
0.00154516
0.00156202
0.00183457
0.00192008
0.00198506
----------------
GEN : 11
TOT FIT : 0.0539214
0.00111234
0.00111971
0.00113683
0.00114437
0.00114857
0.00116837
0.00117364
0.00117517
0.0011814
0.00118268
0.00118352
0.00118492
0.00118592
0.00119026
0.00120126
0.001202
0.0012035
0.00121853
0.00123082
0.00124883
0.00131509
0.00132337
0.00132517
0.00133227
0.00134367
0.00139137
0.00140135
0.00141788
0.00144179
0.00149206
0.00149447
0.00152537
0.00154576
0.00157622
0.00158008
0.00163175
0.00175647
0.00178929
0.00181165
0.00183371
----------------
GEN : 12
TOT FIT : 0.0534486
0.00111422
0.00111446
0.00111465
0.00114855
0.00114957
0.00116639
0.00117197
0.00117553
0.0011771
0.00118383
0.00118465
0.00118494
0.00118557
0.00118571
0.00119627
0.001201
0.00120213
0.00122378
0.00122589
0.00123097
0.00123398
0.00125472
0.00128197
0.0012908
0.00129551
0.00130396
0.00130832
0.00134345
0.00136997
0.00138443
0.00139472
0.00140845
0.00145353
0.00152275
0.00157621
0.00164048
0.00167258
0.00168128
0.00209361
0.00240076
----------------
GEN : 13
TOT FIT : 0.0525655
0.0011143
0.00112294
0.00114178
0.00114257
0.00116287
0.0011668
0.00116743
0.00117294
0.00117475
0.00118438
0.00118474
0.00118587
0.00119104
0.00119638
0.00119719
0.00119726
0.00120068
0.00121472
0.00121726
0.00122412
0.00122976
0.00123204
0.00123704
0.00124107
0.00126208
0.0012647
0.00127861
0.00135586
0.00135947
0.00139329
0.00144513
0.0014494
0.00146555
0.00146662
0.00147235
0.00155531
0.00169408
0.00169943
0.00170632
0.00219737
----------------
GEN : 14
TOT FIT : 0.0520718
0.0011139
0.00111627
0.00112199
0.00113236
0.00113761
0.00115012
0.00115294
0.00117328
0.00117339
0.00118254
0.0011834
0.00118425
0.00118472
0.00118628
0.00118644
0.0011887
0.00119059
0.00119082
0.00119438
0.00119476
0.00120171
0.00120977
0.00121862
0.00123766
0.00126074
0.00130279
0.00131061
0.00132275
0.00134096
0.00135269
0.00137832
0.00139558
0.00145197
0.00146174
0.0015028
0.00150664
0.00178654
0.00179765
0.00183152
0.00186201
----------------
GEN : 15
TOT FIT : 0.0527991
0.00111427
0.00111447
0.0011145
0.00112719
0.00112733
0.0011323
0.00113563
0.00113621
0.00114557
0.00114943
0.00115405
0.00117664
0.00118158
0.00118406
0.0011844
0.00118556
0.00118729
0.00118841
0.00119038
0.0011936
0.00120377
0.00122126
0.00122179
0.00122448
0.00124967
0.00128175
0.00128756
0.00129477
0.0013026
0.0013632
0.00140746
0.00148507
0.00150009
0.0015005
0.00165913
0.00169712
0.00169775
0.00173385
0.00215693
0.00218751
----------------
GEN : 16
TOT FIT : 0.0537508
0.0011139
0.0011144
0.0011145
0.00111452
0.00111463
0.00111554
0.00111706
0.00112317
0.00116513
0.00117443
0.00118059
0.00118469
0.00118476
0.00118479
0.00119199
0.00119452
0.00119913
0.00120006
0.00122734
0.00122905
0.00123854
0.00124213
0.00128882
0.0013115
0.00137376
0.0013837
0.00139036
0.00139724
0.00142259
0.00147888
0.00148133
0.00154249
0.00162063
0.00165051
0.00166241
0.00170188
0.00174907
0.00177004
0.00182692
0.00197376
----------------
GEN : 17
TOT FIT : 0.051907
0.00111358
0.0011142
0.00112412
0.0011267
0.00112859
0.00114004
0.00114091
0.00114478
0.00115836
0.00115957
0.00117622
0.00117965
0.00118525
0.00118581
0.00118583
0.00118696
0.00118897
0.00118986
0.00119076
0.00119719
0.00119875
0.00121246
0.00121412
0.00121637
0.00123315
0.00123591
0.00124044
0.00124687
0.00125644
0.00125747
0.00127693
0.00128523
0.0012966
0.00131319
0.00159178
0.00160637
0.00161021
0.00185393
0.00220229
0.00234111
----------------
GEN : 18
TOT FIT : 0.050309
0.00111445
0.00111978
0.00112607
0.00112673
0.00113455
0.00113672
0.00114562
0.00115917
0.00116778
0.00116834
0.00117808
0.00118101
0.00118407
0.00118448
0.00118491
0.00118495
0.00118506
0.00118656
0.00119055
0.00120175
0.00120487
0.00120665
0.00120773
0.00122404
0.00124325
0.00124916
0.00126449
0.00127109
0.00127391
0.00128046
0.0012972
0.00130926
0.00132964
0.00135276
0.00139087
0.00139632
0.00147656
0.00166562
0.00169392
0.0017106
----------------
GEN : 1
TOT FIT : 0.0262661
0.001117
0.00112647
0.00112725
0.00118375
0.00118399
0.00118626
0.00119398
0.00119592
0.00119922
0.00120675
0.00121109
0.00122224
0.00122559
0.00123977
0.00138848
0.00148268
0.00149465
0.00168554
0.00171922
0.00187625
----------------
GEN : 2
TOT FIT : 0.0253819
0.00111324
0.00111406
0.00111906
0.00114909
0.00117061
0.001179
0.00117925
0.00118279
0.00118555
0.00118876
0.00118902
0.00119631
0.00121456
0.00123512
0.00124579
0.00126113
0.00128447
0.00165315
0.00169014
0.00183079
----------------
GEN : 3
TOT FIT : 0.0256468
0.00111404
0.00111437
0.00111444
0.00113132
0.00117879
0.00118535
0.00118565
0.00120113
0.0012107
0.0012314
0.00124075
0.00125099
0.00126228
0.00126466
0.00129173
0.00132043
0.0013206
0.00134639
0.00154272
0.00213901
----------------
GEN : 4
TOT FIT : 0.0241936
0.00111351
0.00111442
0.00111445
0.00111821
0.0011322
0.00116483
0.00118254
0.00118416
0.00118447
0.0012077
0.00120842
0.00120934
0.00122004
0.00122405
0.00123896
0.00124412
0.0012703
0.00127389
0.00130478
0.00148322
----------------
GEN : 1
TOT FIT : 0.0244071
0.0011136
0.00111378
0.0011138
0.00111487
0.00112321
0.00112963
0.00113323
0.00114091
0.00114563
0.00116425
0.00117584
0.00118932
0.00119184
0.00120395
0.00120662
0.0012259
0.00128347
0.00140034
0.0016176
0.0016193
----------------
GEN : 1
TOT FIT : 0.0243732
0.00111394
0.00112022
0.00112388
0.0011258
0.00112671
0.00114929
0.00115924
0.0011637
0.00117982
0.00118357
0.00118471
0.0011849
0.00118577
0.00118612
0.00120726
0.00121369
0.00122241
0.00122779
0.00134672
0.00196762
----------------
GEN : 2
TOT FIT : 0.024568
0.00111458
0.00112305
0.00113411
0.00115561
0.00116813
0.0011686
0.00117105
0.00118372
0.00118588
0.00118646
0.00121363
0.00121897
0.00123153
0.00124075
0.00124683
0.00125112
0.00129511
0.00129515
0.00131418
0.00166951
----------------
GEN : 3
TOT FIT : 0.0259693
0.00112134
0.00113324
0.001179
0.00117924
0.00118545
0.00118989
0.00119872
0.00121157
0.0012146
0.00122032
0.00122462
0.00123097
0.00124619
0.00125378
0.00127405
0.00127726
0.00136712
0.00150522
0.00180661
0.0019501
----------------
GEN : 4
TOT FIT : 0.0259751
0.00116018
0.00117355
0.0011736
0.00118689
0.00118801
0.00119465
0.00119943
0.0012069
0.00121008
0.0012128
0.001214
0.00121664
0.00126954
0.00127463
0.00129911
0.00132008
0.00132673
0.00140228
0.00179214
0.00195387
----------------
GEN : 5
TOT FIT : 0.0262049
0.00112798
0.00115958
0.0011602
0.00116412
0.00118661
0.00118834
0.00120052
0.00121672
0.00121994
0.001223
0.00122856
0.00123136
0.00123577
0.0013028
0.00131239
0.0013124
0.00133529
0.00133733
0.0020035
0.00205851
----------------
GEN : 6
TOT FIT : 0.0260349
0.00111424
0.00114732
0.0011644
0.00118435
0.00118459
0.00118974
0.00119103
0.00119746
0.00119857
0.00119865
0.00122091
0.00122292
0.00123045
0.00124124
0.00124279
0.00128119
0.00128309
0.00141921
0.0019277
0.00219509
----------------
GEN : 7
TOT FIT : 0.0247119
0.00111397
0.00111925
0.00114476
0.00114592
0.00115544
0.00118356
0.00119127
0.00120447
0.00120866
0.00121121
0.00121148
0.00121489
0.00122029
0.0012265
0.00125945
0.00127976
0.00131305
0.00132593
0.00136905
0.00161298
----------------
GEN : 8
TOT FIT : 0.0254186
0.00111432
0.00116432
0.00117139
0.00117454
0.00117975
0.00118262
0.00119339
0.00120287
0.00120636
0.00120856
0.00125297
0.0012553
0.00126305
0.00126718
0.00135217
0.00135623
0.00138893
0.00142936
0.00148088
0.00157438
----------------
GEN : 9
TOT FIT : 0.0250712
0.00111955
0.00114698
0.00116135
0.00116328
0.00117179
0.00117893
0.00117922
0.00118851
0.00119118
0.0011916
0.00119202
0.0012163
0.00122819
0.00127091
0.00127275
0.00128468
0.00136906
0.00148576
0.0015108
0.00154838
----------------
GEN : 10
TOT FIT : 0.0252198
0.001119
0.00112242
0.0011327
0.00113851
0.00114286
0.00117505
0.00119184
0.00119428
0.00119573
0.00121086
0.0012245
0.00122535
0.00123796
0.00123818
0.00124003
0.00124772
0.00125981
0.00128303
0.00162798
0.00201196
----------------
GEN : 11
TOT FIT : 0.0259566
0.00111454
0.0011148
0.00112036
0.00112147
0.00113085
0.00114752
0.00114946
0.00116431
0.00118399
0.00118647
0.00120313
0.00123075
0.00124116
0.001291
0.00130084
0.00138028
0.00152871
0.00158153
0.00177346
0.00199196
----------------
GEN : 12
TOT FIT : 0.0261152
0.00111852
0.00111877
0.0011229
0.00115494
0.00115755
0.00117898
0.00118417
0.00118838
0.00120101
0.00121091
0.00123117
0.00125283
0.0013032
0.00131643
0.00136585
0.00136955
0.00144695
0.00147907
0.00176411
0.00194988
----------------
GEN : 13
TOT FIT : 0.0246899
0.00111849
0.00112707
0.00113312
0.00115593
0.00115826
0.00117171
0.001181
0.00118187
0.00118356
0.00118669
0.00118876
0.00119307
0.00119851
0.00120808
0.00123058
0.00126829
0.00127605
0.00129255
0.00144168
0.00179464
----------------
GEN : 14
TOT FIT : 0.0254846
0.00112575
0.00112837
0.00114868
0.00115392
0.00115947
0.00118422
0.00118621
0.00118761
0.00119025
0.00119605
0.00121684
0.00121729
0.00125077
0.00125721
0.00126671
0.00126819
0.0013411
0.00150456
0.00166369
0.00183769
----------------
GEN : 15
TOT FIT : 0.026051
0.00111431
0.00112394
0.00114898
0.00115398
0.00118805
0.0011891
0.00120377
0.00122892
0.00123284
0.00124881
0.00125005
0.00125165
0.00125249
0.00126031
0.0012795
0.00128356
0.00145729
0.0015652
0.00164693
0.00197131
----------------
GEN : 16
TOT FIT : 0.0266001
0.00111417
0.00111464
0.00112382
0.00112816
0.00115063
0.00118373
0.00118499
0.00118593
0.00121324
0.00125222
0.00126217
0.0012766
0.00129344
0.0012961
0.00130861
0.00149785
0.00151637
0.00178402
0.00181686
0.00189654
----------------
GEN : 17
TOT FIT : 0.0261271
0.00111369
0.00112941
0.00113038
0.0011799
0.00118305
0.00119369
0.00119526
0.0012135
0.00121684
0.00122243
0.00122297
0.00124193
0.00127694
0.0013707
0.00142146
0.00147109
0.00149381
0.00152004
0.00158289
0.00174708
----------------
GEN : 18
TOT FIT : 0.0267535
0.00111363
0.0011202
0.00112379
0.00114287
0.0011435
0.00118309
0.00118502
0.00120008
0.00120839
0.0012208
0.00122486
0.00122618
0.00123095
0.00124963
0.00156497
0.00156902
0.00159404
0.00167065
0.00173176
0.00205011
----------------
GEN : 19
TOT FIT : 0.0253188
0.00111334
0.00111419
0.00114117
0.00116977
0.00116991
0.00118171
0.00118308
0.00118487
0.00118535
0.00119635
0.00123322
0.00128047
0.00128277
0.00129219
0.00129423
0.00132149
0.00137562
0.00146414
0.00155161
0.00158337
----------------
GEN : 20
TOT FIT : 0.0248187
0.00112474
0.00113934
0.00114622
0.00115112
0.00118407
0.00118412
0.00118584
0.00119132
0.00119328
0.00119418
0.00119526
0.00120249
0.00121703
0.0012204
0.00122132
0.00124681
0.00125596
0.0012793
0.00160136
0.00168454
----------------
GEN : 21
TOT FIT : 0.0259069
0.00114514
0.00116215
0.00116738
0.00117333
0.0011775
0.00118277
0.00118398
0.0011888
0.00119358
0.00120784
0.00124454
0.00126666
0.00127432
0.00132874
0.00133517
0.00135811
0.00145975
0.00147445
0.00168867
0.00169401
----------------
GEN : 22
TOT FIT : 0.0253374
0.00111452
0.00113998
0.00114586
0.00118168
0.00118354
0.00118451
0.00118499
0.00118516
0.00118549
0.00119096
0.00122269
0.00122781
0.00127978
0.00130463
0.00131818
0.00137953
0.00142732
0.0014306
0.00152236
0.00152781
----------------
GEN : 23
TOT FIT : 0.0248279
0.00111661
0.00111682
0.00112818
0.00115247
0.00115872
0.00116261
0.00117886
0.00118477
0.00118546
0.00118635
0.00118639
0.00120548
0.00122029
0.0012245
0.00123573
0.0012538
0.00143424
0.0014443
0.00144784
0.0016044
----------------
GEN : 24
TOT FIT : 0.0251499
0.00111363
0.00112205
0.00112961
0.00113741
0.00114271
0.00116208
0.00116371
0.00117037
0.00118482
0.0011866
0.00118741
0.00121984
0.00122413
0.00123221
0.00123508
0.00124839
0.00142999
0.00154753
0.00160412
0.0017082
----------------
GEN : 25
TOT FIT : 0.0265073
0.00111435
0.00112318
0.00113558
0.00114859
0.00116196
0.00118462
0.00118529
0.00118563
0.0012109
0.00121322
0.00122985
0.00125844
0.00128595
0.00129292
0.00129739
0.00147515
0.0016369
0.00173868
0.00177712
0.00185161
----------------
GEN : 26
TOT FIT : 0.0262691
0.00111371
0.0011153
0.00112561
0.00113206
0.00116643
0.00116759
0.00117278
0.00118706
0.00119818
0.00122395
0.00125092
0.00125509
0.00135268
0.00140865
0.00142308
0.00148857
0.00153615
0.00155765
0.00163452
0.0017591
----------------
GEN : 1
TOT FIT : 0.0257547
0.00157902
0.00121484
0.00111433
0.00125161
0.00113797
0.00134104
0.00130638
0.00127411
0.00138677
0.00136397
0.00111538
0.00165108
0.00118569
0.00118628
0.00122357
0.00124018
0.00119442
0.00141834
0.00119068
0.00137901
----------------
GEN : 2
TOT FIT : 0.02435
0.00131134
0.00115455
0.00118472
0.00118498
0.00126103
0.00124869
0.00122739
0.00140414
0.00118526
0.00127701
0.00116252
0.00113836
0.00115365
0.00118572
0.00137318
0.00116319
0.00117742
0.00118444
0.00118445
0.00118797
----------------
GEN : 3
TOT FIT : 0.0249753
0.0012293
0.00120184
0.00118425
0.00119453
0.00123029
0.00114897
0.00137305
0.00111432
0.0012591
0.00126747
0.00143499
0.00118542
0.00118617
0.00118223
0.00153796
0.00118554
0.00118316
0.00127287
0.00111356
0.00149028
----------------
GEN : 1
TOT FIT : 0.0253159
0.00111457
0.00111949
0.00113055
0.00115464
0.00115861
0.00117562
0.00117859
0.00118367
0.00118397
0.00118468
0.00120045
0.00121305
0.00121735
0.00125967
0.0013076
0.0013286
0.0014743
0.00151315
0.00158493
0.0016324
----------------
GEN : 2
TOT FIT : 0.0259393
0.00111362
0.00112469
0.00112918
0.00116396
0.00116576
0.00117744
0.00118423
0.00119456
0.00120303
0.00124371
0.00125237
0.00126833
0.00130078
0.00130202
0.00134995
0.00142744
0.00153769
0.00154634
0.00156022
0.00169392
----------------
GEN : 3
TOT FIT : 0.0257234
0.00112519
0.00112532
0.00113717
0.00113906
0.00114572
0.00114879
0.00117458
0.00118484
0.00118648
0.00120153
0.00120717
0.00125811
0.00130332
0.00133612
0.00137955
0.00137978
0.00144138
0.00149518
0.00161446
0.00173963
----------------
GEN : 1
TOT FIT : 0.024616
0.00111354
0.00111413
0.0011143
0.00111463
0.00111564
0.00111915
0.00114295
0.00114578
0.00115908
0.00117553
0.00118976
0.0011956
0.00121364
0.00124627
0.00125024
0.0013117
0.00134281
0.00147074
0.00152347
0.001557
----------------
GEN : 2
TOT FIT : 0.0248346
0.00111508
0.00111567
0.00111829
0.00112429
0.0011452
0.00115179
0.00115282
0.00116323
0.00116437
0.00118152
0.00118253
0.00118371
0.0011851
0.00120771
0.00126845
0.00126921
0.00142387
0.00143666
0.00158035
0.00166478
----------------
GEN : 3
TOT FIT : 0.0250162
0.00111444
0.00111757
0.00112044
0.00114057
0.00114092
0.00114637
0.00117908
0.00118198
0.00118401
0.00118439
0.00118555
0.0011963
0.00120286
0.00121571
0.00131165
0.00141452
0.0014219
0.00145087
0.0014859
0.00162121
----------------
GEN : 4
TOT FIT : 0.0249258
0.00111413
0.00113601
0.0011456
0.00115372
0.00115372
0.00117244
0.00117503
0.00118643
0.00118723
0.00119212
0.00120251
0.00120324
0.00121008
0.00125725
0.00129263
0.00135502
0.00138918
0.00140491
0.00149011
0.00150447
----------------
GEN : 1
TOT FIT : 0.0243419
0.00111405
0.00111452
0.00113069
0.00114172
0.00116032
0.00117117
0.00117381
0.00118321
0.00118419
0.00118435
0.00118853
0.00119371
0.00119745
0.00120346
0.00121919
0.00123157
0.00123424
0.00125723
0.00141151
0.00164702
----------------
GEN : 2
TOT FIT : 0.0253621
0.00113809
0.00114341
0.00116306
0.00116413
0.0011774
0.00118287
0.00118403
0.0011862
0.00118948
0.00123344
0.00123987
0.00124684
0.00126472
0.00130129
0.00131966
0.00138864
0.00140008
0.00147602
0.00147723
0.00148565
----------------
GEN : 3
TOT FIT : 0.0261584
0.00114773
0.00114903
0.00115147
0.00118207
0.00118326
0.00118661
0.00118945
0.0011955
0.00119753
0.00122566
0.00131982
0.00133724
0.00136437
0.00137626
0.00138294
0.00140339
0.00140404
0.00147583
0.00159651
0.00168966
----------------
GEN : 4
TOT FIT : 0.0248102
0.00116257
0.00118142
0.00118325
0.00118806
0.00120656
0.00121578
0.00121625
0.00121709
0.00121806
0.00121882
0.0012193
0.00121945
0.00123553
0.00124008
0.00124043
0.00125562
0.00125892
0.00126102
0.00133389
0.00153811
----------------
GEN : 5
TOT FIT : 0.0269084
0.00117948
0.00118282
0.00118818
0.00123629
0.00123978
0.00124002
0.00129413
0.00129717
0.00134586
0.00134763
0.0013661
0.00137385
0.00138063
0.00138787
0.00140379
0.00144774
0.00148298
0.00148959
0.00151138
0.00151316
----------------
GEN : 6
TOT FIT : 0.0262263
0.0011851
0.0012009
0.00120245
0.00121382
0.00121648
0.00125725
0.0012618
0.0012623
0.00129711
0.00130699
0.00130706
0.00131231
0.00132705
0.00136103
0.0013856
0.00139268
0.00140216
0.00140772
0.00145797
0.00146851
----------------
GEN : 7
TOT FIT : 0.0260126
0.00116815
0.00119614
0.00120922
0.00127319
0.00127355
0.00127599
0.00127599
0.00128046
0.00128046
0.00128108
0.00128774
0.00129596
0.00130122
0.00130243
0.00130736
0.00130866
0.00131166
0.0013511
0.00149542
0.00153683
----------------
GEN : 8
TOT FIT : 0.0254381
0.00111692
0.00117018
0.00118276
0.00118564
0.0011864
0.00120814
0.00121075
0.00122011
0.00126489
0.00126491
0.00128298
0.00128298
0.00130374
0.00130374
0.00132148
0.0013378
0.00134111
0.00137919
0.00142415
0.00145021
----------------
GEN : 9
TOT FIT : 0.0265071
0.00115838
0.00119863
0.00119871
0.00120863
0.00121665
0.0012197
0.00122426
0.00123392
0.00127812
0.00129391
0.0013224
0.00135476
0.00137699
0.00143342
0.00143672
0.00144014
0.00146292
0.0014658
0.00147618
0.00150687
----------------
GEN : 1
TOT FIT : 0.0250255
0.00113063
0.00113084
0.00113932
0.00117212
0.00117866
0.00117967
0.00117983
0.00120558
0.00120707
0.00122562
0.00122957
0.00123924
0.00124182
0.00124753
0.00125383
0.00132026
0.00136307
0.00137904
0.00146545
0.00153634
----------------
GEN : 2
TOT FIT : 0.0245058
0.00111388
0.00112347
0.00112839
0.00113917
0.00118437
0.00118501
0.00118515
0.00118655
0.00119301
0.00120997
0.00121277
0.00122758
0.00125196
0.00126421
0.00126781
0.00129384
0.0013074
0.00131001
0.00135066
0.00137057
----------------
GEN : 1
TOT FIT : 0.0253511
0.00111441
0.00111452
0.00111466
0.00111489
0.00113208
0.0011373
0.00114582
0.00115121
0.00115304
0.00116221
0.00117308
0.0012034
0.00121351
0.00122631
0.00123019
0.00136229
0.00148575
0.0015268
0.00178182
0.00180783
----------------
GEN : 2
TOT FIT : 0.0260235
0.0011143
0.00111444
0.00115433
0.0011811
0.00118324
0.001189
0.00120327
0.00121429
0.00122057
0.00122774
0.00124994
0.0012568
0.00126584
0.00129976
0.00130998
0.00136032
0.00148365
0.00156816
0.00166986
0.0017569
----------------
GEN : 1
TOT FIT : 0.0254571
0.00111424
0.00111459
0.00111488
0.00111544
0.00113196
0.00114647
0.0011565
0.00116067
0.00118352
0.0011888
0.00119087
0.00121615
0.00122133
0.0012221
0.00123148
0.00123998
0.00133385
0.00163696
0.00178774
0.0019496
----------------
GEN : 2
TOT FIT : 0.025821
0.00111395
0.00111396
0.00111458
0.00111459
0.00111565
0.00115191
0.00115281
0.0011543
0.00115979
0.00116348
0.00116794
0.00117097
0.0011986
0.00122482
0.00123787
0.00141239
0.00146981
0.00147284
0.00179926
0.00231148
----------------
GEN : 1
TOT FIT : 0.0268236
0.00111427
0.00111428
0.00111664
0.00115194
0.0011788
0.00118068
0.00118427
0.00118575
0.00122116
0.00125566
0.00126849
0.00127603
0.00134519
0.00136689
0.00144958
0.00150302
0.00152694
0.00165378
0.00166053
0.00206972
----------------
GEN : 2
TOT FIT : 0.0254433
0.00111373
0.0011142
0.00111428
0.00111506
0.0011158
0.00114252
0.00115261
0.0011695
0.00117142
0.00118267
0.00118408
0.0011842
0.00118429
0.00120699
0.00123748
0.00149874
0.00154444
0.00162242
0.00166834
0.00172052
----------------
GEN : 3
TOT FIT : 0.0256326
0.00111446
0.00113942
0.00116866
0.00116866
0.00116946
0.00117313
0.00117482
0.00118375
0.00118431
0.00118446
0.00122007
0.00123501
0.00125879
0.00134423
0.00135126
0.00147998
0.00150253
0.00151168
0.00152338
0.00154459
----------------
GEN : 1
TOT FIT : 0.0495562
0.00111376
0.00111417
0.0011146
0.00111542
0.00111698
0.00111847
0.001123
0.00113223
0.00113597
0.00113888
0.00114469
0.00115375
0.00115517
0.0011578
0.00116359
0.00117164
0.0011723
0.0011801
0.00118123
0.00118463
0.00118538
0.00118789
0.00118821
0.00118883
0.00119387
0.00120329
0.0012296
0.00123307
0.00123854
0.00127046
0.00134471
0.00134557
0.00137227
0.00140882
0.00142907
0.00143664
0.00149478
0.00152697
0.00158406
0.00160572
----------------
GEN : 1
TOT FIT : 0.0381587
0.0011144
0.00111457
0.00111947
0.00112757
0.00113037
0.00113119
0.00115058
0.00117056
0.00117924
0.00118039
0.00118201
0.00118229
0.0011835
0.00118429
0.00118496
0.00118544
0.00120754
0.00121625
0.00122826
0.00123618
0.00126236
0.00127933
0.00129607
0.00130702
0.00141255
0.00142142
0.00145292
0.00149451
0.00158493
0.00223856
----------------
GEN : 2
TOT FIT : 0.0408677
0.00111429
0.00111448
0.00111449
0.00111462
0.0011158
0.0011304
0.00113329
0.00116079
0.0011641
0.0011919
0.00119215
0.00122683
0.00123626
0.0012378
0.00128248
0.00128469
0.0012876
0.00128994
0.00130558
0.00134913
0.00135008
0.00139142
0.00140206
0.00143664
0.0014743
0.00162499
0.001649
0.00165344
0.00239328
0.00244587
----------------
GEN : 3
TOT FIT : 0.0451812
0.00111367
0.00111425
0.00111446
0.00111451
0.00111484
0.00117823
0.00118591
0.00118951
0.00126183
0.00126403
0.00128041
0.0012909
0.00130562
0.0013098
0.00132959
0.00134407
0.00135617
0.00139435
0.00150342
0.00150396
0.00150547
0.00159132
0.0016654
0.00185891
0.00209672
0.00223306
0.00223693
0.00224018
0.00224103
0.00224268
----------------
GEN : 4
TOT FIT : 0.041348
0.00111435
0.00111457
0.00111458
0.00117535
0.00118095
0.00118265
0.00118389
0.00119126
0.0012044
0.00122296
0.00122989
0.00123082
0.0012359
0.00127172
0.00128355
0.00128387
0.00128436
0.00128524
0.00129029
0.00129035
0.00129035
0.00129505
0.00129841
0.00142083
0.00175834
0.00196856
0.00198179
0.00198179
0.00198194
0.00200003
----------------
GEN : 5
TOT FIT : 0.045013
0.00111429
0.0011147
0.00111472
0.00111473
0.0011226
0.00114391
0.00115349
0.00118425
0.00118583
0.00118591
0.00118594
0.00118597
0.00118607
0.0011861
0.00127787
0.00129732
0.00132262
0.00133007
0.00139324
0.0014189
0.00148721
0.00190091
0.00190344
0.00190345
0.00190345
0.00197585
0.00197585
0.00244902
0.00260618
0.00268916
----------------
GEN : 6
TOT FIT : 0.0453057
0.00111438
0.00111452
0.00111482
0.00115397
0.00115456
0.00118185
0.00118192
0.00118462
0.00118527
0.00118564
0.00118587
0.00118973
0.00119626
0.00121734
0.001219
0.00122636
0.00126727
0.00138871
0.00159305
0.00165487
0.00175393
0.00202515
0.00202515
0.00202519
0.00207876
0.00208163
0.00209654
0.00214035
0.00218447
0.00218452
----------------
GEN : 7
TOT FIT : 0.0490489
0.00117151
0.00118575
0.00118591
0.00119018
0.00122001
0.00122001
0.00123493
0.00123635
0.0012761
0.00127725
0.00129013
0.00131337
0.00132165
0.00133213
0.0014478
0.00185946
0.00185959
0.00186459
0.00187237
0.00190211
0.00190428
0.00195795
0.00200517
0.00202334
0.00202573
0.0020344
0.00203686
0.0021223
0.00220632
0.00247139
----------------
GEN : 1
TOT FIT : 0.0380539
0.00111348
0.00111391
0.00111857
0.00112103
0.00112501
0.00112567
0.00112935
0.00112973
0.00114488
0.00115981
0.00116996
0.00117106
0.00117893
0.00118237
0.0011829
0.00118324
0.00118464
0.00119447
0.00121036
0.00121468
0.00123869
0.0012688
0.00132455
0.00143104
0.00148958
0.00149357
0.00156853
0.00162945
0.00168333
0.00177229
----------------
GEN : 2
TOT FIT : 0.0420392
0.00111411
0.00111841
0.00111874
0.00113536
0.00115602
0.00116609
0.00117039
0.0011806
0.00118323
0.00118678
0.00123622
0.00123841
0.00124526
0.00124659
0.00124708
0.00126019
0.00126063
0.00128125
0.0012857
0.00129184
0.00129576
0.00131729
0.00144335
0.00167941
0.00185947
0.00200656
0.0020083
0.00201565
0.00202013
0.00227042
----------------
GEN : 3
TOT FIT : 0.0376573
0.00111488
0.00112342
0.00114208
0.001148
0.00115426
0.00117262
0.00117785
0.00118072
0.00118422
0.00118427
0.00118511
0.00118932
0.00119298
0.00119356
0.00119598
0.0011968
0.00119838
0.00120701
0.00120997
0.00121586
0.00122965
0.0012517
0.00125521
0.00125592
0.0012638
0.00136653
0.00143734
0.0014697
0.00171522
0.00184497
----------------
GEN : 4
TOT FIT : 0.038165
0.0011144
0.00113754
0.00114287
0.00115203
0.00115227
0.00115494
0.00115638
0.00116585
0.00116884
0.00118237
0.00118413
0.00118448
0.00118555
0.00118649
0.00118738
0.00118993
0.00119395
0.00120943
0.00121407
0.00122139
0.00122217
0.00122488
0.00125147
0.00129268
0.00144161
0.00154371
0.00162739
0.0016292
0.00170487
0.00174267
----------------
GEN : 1
TOT FIT : 0.0397828
0.00111407
0.00111612
0.001141
0.00114171
0.00114211
0.00117654
0.00117921
0.00118457
0.00118652
0.00118972
0.00119371
0.00119549
0.00120559
0.00121277
0.00124887
0.00125374
0.00127047
0.00127419
0.00127573
0.00128873
0.00135167
0.00138723
0.00139566
0.00152062
0.00154713
0.0016299
0.00164098
0.00170905
0.00179186
0.00181784
----------------
GEN : 2
TOT FIT : 0.0368594
0.00111371
0.0011139
0.00111422
0.00111469
0.00111573
0.00114284
0.00114439
0.00115551
0.00115626
0.00115925
0.00116685
0.00117892
0.00118029
0.00118436
0.00118666
0.00118766
0.00119687
0.00119857
0.00120469
0.00125811
0.0012623
0.00126741
0.00127531
0.00128112
0.00128141
0.0013086
0.00133921
0.0013511
0.00149255
0.00172696
----------------
GEN : 3
TOT FIT : 0.0374081
0.00111417
0.0011143
0.00111449
0.00111519
0.00114352
0.00115323
0.00117238
0.00118292
0.00118427
0.00118485
0.0011937
0.00119474
0.00119672
0.00119803
0.0012024
0.00120724
0.00120917
0.00121228
0.00121238
0.0012146
0.0012373
0.00124379
0.0012587
0.00125933
0.00127205
0.00127792
0.00136619
0.00140249
0.00171002
0.00185974
----------------
GEN : 1
TOT FIT : 0.0404422
0.00111901
0.00113398
0.0011432
0.00115261
0.00116687
0.00117108
0.00117113
0.00118089
0.00118439
0.00118508
0.0011853
0.00118694
0.00118871
0.00118915
0.00122603
0.00124103
0.00124171
0.0012493
0.00133527
0.00136841
0.00140114
0.00146419
0.00151759
0.00160304
0.00163426
0.00166097
0.0016655
0.00166728
0.00190053
0.00190755
----------------
GEN : 2
TOT FIT : 0.0375074
0.00111389
0.00111437
0.00113487
0.00114655
0.0011514
0.00116039
0.0011652
0.00116738
0.00117001
0.00117685
0.00117689
0.00117749
0.00117922
0.00118434
0.00119585
0.00119807
0.00119824
0.00120538
0.00122781
0.00123279
0.00123816
0.00124915
0.00126347
0.001266
0.0013074
0.00135339
0.00138252
0.00143943
0.00156358
0.00196731
----------------
GEN : 3
TOT FIT : 0.0391384
0.00111327
0.00111337
0.00111411
0.00111489
0.00111491
0.00111742
0.0011281
0.0011414
0.00115263
0.0011578
0.0011588
0.00116091
0.00116622
0.00118062
0.0011843
0.00118571
0.00118631
0.00119626
0.00120308
0.00120321
0.00122007
0.00136056
0.00144445
0.00154555
0.00159571
0.00160214
0.00162957
0.00175245
0.00181734
0.00207727
----------------
GEN : 4
TOT FIT : 0.0405252
0.00111973
0.00113653
0.00114638
0.00114854
0.00114951
0.00116686
0.00117589
0.00117991
0.00118003
0.00118598
0.00119598
0.00120608
0.00121545
0.00123206
0.00123842
0.00124572
0.00125207
0.00126358
0.00132646
0.00133762
0.00133898
0.00134157
0.00139182
0.00159587
0.00161315
0.00168657
0.00172889
0.00176701
0.00181984
0.00213867
----------------
GEN : 1
TOT FIT : 0.0376797
0.00111308
0.00112101
0.00113486
0.00113871
0.00113895
0.00114785
0.00116348
0.00117831
0.00118192
0.00118238
0.00118287
0.0011845
0.00118783
0.00119718
0.00120134
0.00121558
0.00122122
0.00122943
0.00128595
0.00129889
0.00130265
0.00130457
0.0013335
0.00135375
0.00137576
0.00138904
0.00139063
0.00149568
0.00150084
0.00152794
----------------
GEN : 2
TOT FIT : 0.0377224
0.00111371
0.00111429
0.00111454
0.00111673
0.0011178
0.00114727
0.00118506
0.0011855
0.00118578
0.00118631
0.00118649
0.00118811
0.00119239
0.00119421
0.00119678
0.00121334
0.00121612
0.00122961
0.00123859
0.00124956
0.00126461
0.00130594
0.00134548
0.00134567
0.00134852
0.00135509
0.00137049
0.00158214
0.00158762
0.00164464
----------------
GEN : 3
TOT FIT : 0.0393271
0.00111434
0.00111541
0.00113513
0.00113863
0.00115456
0.00116247
0.00116526
0.00116705
0.0011836
0.00118492
0.00119073
0.00119548
0.00119758
0.00120218
0.00120584
0.00120657
0.00121403
0.00122466
0.00124787
0.00125129
0.00129602
0.00129672
0.00134219
0.00146493
0.00153671
0.00156123
0.0015801
0.00161665
0.00186821
0.00210677
----------------
GEN : 4
TOT FIT : 0.0378777
0.00111582
0.00112589
0.00112931
0.00115318
0.00115503
0.00115769
0.00115774
0.00116125
0.00116611
0.00116712
0.00116972
0.00118089
0.00118206
0.00118574
0.00118836
0.00119408
0.0011941
0.0011971
0.00119873
0.00121911
0.00122033
0.00122387
0.0012274
0.00128456
0.00128697
0.00129005
0.00133208
0.00175603
0.00186793
0.00198945
----------------
GEN : 5
TOT FIT : 0.0388193
0.00112997
0.00113031
0.00114
0.00116313
0.00116396
0.00118469
0.00118614
0.0011865
0.00118652
0.0011872
0.00119011
0.00119349
0.00119742
0.0011983
0.00120485
0.00120615
0.00120946
0.00126427
0.00126613
0.00126828
0.00132466
0.00133726
0.00134194
0.00136938
0.00146068
0.00150591
0.0015552
0.00159374
0.00162672
0.00184699
