----------------
0
1
0.0396673
0.00212419
0.00132224
0.00114698
----------------
1
1
0.0377231
0.00152267
0.00125744
0.00114698
----------------
0
2
0.0395479
0.00167922
0.00131826
0.00115267
----------------
1
2
0.0409421
0.00237831
0.00136474
0.00114715
----------------
0
3
0.0378921
0.00174313
0.00126307
0.0011469
----------------
1
3
0.0401825
0.00204073
0.00133942
0.00115129
----------------
0
4
0.0377478
0.00145374
0.00125826
0.00114936
----------------
1
4
0.0375795
0.00180737
0.00125265
0.001147
----------------
0
5
0.0373683
0.001563
0.00124561
0.00114678
----------------
1
5
0.0360273
0.00144814
0.00120091
0.00114697
----------------
0
6
0.0379613
0.0015225
0.00126538
0.00114605
----------------
1
6
0.0410987
0.00225268
0.00136996
0.00114923
----------------
0
7
0.0400048
0.0017664
0.00133349
0.00115184
----------------
1
7
0.0378982
0.00177234
0.00126327
0.00114668
----------------
0
8
0.0397265
0.00164863
0.00132422
0.00114931
----------------
1
8
0.0385037
0.001753
0.00128346
0.00114772
----------------
0
9
0.0386675
0.00190149
0.00128892
0.00114911
----------------
1
9
0.0417116
0.00303702
0.00139039
0.00114638
----------------
0
10
0.0365292
0.00150512
0.00121764
0.00114613
----------------
1
10
0.037513
0.00191264
0.00125043
0.00114695
----------------
0
11
0.0367077
0.00157956
0.00122359
0.00114697
----------------
1
11
0.0382038
0.0017583
0.00127346
0.001147
----------------
0
12
0.0393123
0.0029889
0.00131041
0.00114628
----------------
1
12
0.0400219
0.00299835
0.00133406
0.00114705
----------------
0
13
0.0423632
0.00260633
0.00141211
0.00114697
----------------
1
13
0.0387028
0.00193971
0.00129009
0.00114903
----------------
0
14
0.0398545
0.00217558
0.00132848
0.00114685
----------------
1
14
0.0370123
0.001732
0.00123374
0.00114701
----------------
0
15
0.0381425
0.00189893
0.00127142
0.00114715
----------------
1
15
0.0376364
0.00231384
0.00125455
0.00114927
----------------
0
16
0.0386955
0.00229088
0.00128985
0.00114738
----------------
1
16
0.0417702
0.00280534
0.00139234
0.00115066
----------------
0
17
0.0389275
0.00229002
0.00129758
0.00114933
----------------
1
17
0.0397574
0.00260662
0.00132525
0.00115056
----------------
0
18
0.0375454
0.00174412
0.00125151
0.00114738
----------------
1
18
0.0370689
0.00160825
0.00123563
0.00114692
----------------
0
19
0.0384993
0.00300835
0.00128331
0.0011469
----------------
1
19
0.0359357
0.00141264
0.00119786
0.00114643
----------------
0
20
0.0372864
0.00160725
0.00124288
0.00114814
----------------
1
20
0.0411237
0.00257511
0.00137079
0.00115031
----------------
0
21
0.0391026
0.00198417
0.00130342
0.00114697
----------------
1
21
0.0371725
0.00178363
0.00123908
0.00114735
----------------
0
22
0.0392486
0.00186414
0.00130829
0.00114943
----------------
1
22
0.0403942
0.0021221
0.00134647
0.00114734
----------------
0
23
0.0397195
0.00241299
0.00132398
0.0011469
----------------
1
23
0.0394622
0.00225991
0.00131541
0.00114698
----------------
0
24
0.0389397
0.00226716
0.00129799
0.00114907
----------------
1
24
0.0393515
0.00300601
0.00131172
0.00114702
