----------------
0
1
0.0394075
0.00300337
0.00131358
0.00114914
----------------
1
1
0.0402892
0.00211487
0.00134297
0.0011473
----------------
0
2
0.0425017
0.00273942
0.00141672
0.00114954
----------------
1
2
0.037154
0.00159759
0.00123847
0.00114706
----------------
0
3
0.0432408
0.00189234
0.00144136
0.00115164
----------------
1
3
0.0368862
0.00142681
0.00122954
0.00114878
----------------
0
4
0.0478027
0.00220587
0.00159342
0.00114695
----------------
1
4
0.0412489
0.00250992
0.00137496
0.00115197
----------------
0
5
0.0483435
0.00201803
0.00161145
0.00114656
----------------
1
5
0.0360576
0.00136
0.00120192
0.00114728
----------------
0
6
0.0510121
0.00214724
0.0017004
0.00116279
----------------
1
6
0.0390065
0.00205216
0.00130022
0.00114696
----------------
0
7
0.0622146
0.00299387
0.00207382
0.00125423
----------------
1
7
0.0383678
0.00187432
0.00127893
0.00114741
----------------
0
8
0.0541528
0.00195166
0.00180509
0.00125023
----------------
1
8
0.038065
0.00206793
0.00126883
0.00114689
----------------
0
9
0.0587461
0.00214724
0.0019582
0.00132422
----------------
1
9
0.0393865
0.00192944
0.00131288
0.00114694
----------------
0
10
0.0803589
0.00299936
0.00267863
0.0012235
----------------
1
10
0.0375057
0.00149125
0.00125019
0.00114674
----------------
0
11
0.056218
0.00195166
0.00187393
0.00126495
----------------
1
11
0.0393906
0.00220272
0.00131302
0.00114671
----------------
0
12
0.0653677
0.00287247
0.00217892
0.00189906
----------------
1
12
0.0372191
0.00159359
0.00124064
0.00114714
