----------------
0
1
0.0375199
0.00177923
0.00125066
0.00114709
----------------
1
1
0.0369746
0.00147784
0.00123249
0.00114691
----------------
0
2
0.0401551
0.00210774
0.0013385
0.00114685
----------------
1
2
0.0388814
0.00180284
0.00129605
0.00114701
----------------
0
3
0.0411163
0.00299094
0.00137054
0.00114689
----------------
1
3
0.0408997
0.00230051
0.00136332
0.00114695
----------------
0
4
0.0430529
0.00248548
0.0014351
0.00114689
----------------
1
4
0.0401613
0.00235455
0.00133871
0.00114772
----------------
0
5
0.0457105
0.00294806
0.00152368
0.00114672
----------------
1
5
0.0376463
0.00188065
0.00125488
0.00114705
----------------
0
6
0.0445911
0.00213071
0.00148637
0.00114718
----------------
1
6
0.0412272
0.00270064
0.00137424
0.00114695
----------------
0
7
0.0505287
0.00300357
0.00168429
0.00115057
----------------
1
7
0.0389873
0.00256974
0.00129958
0.001147
----------------
0
8
0.0479389
0.00299312
0.00159796
0.001147
----------------
1
8
0.0400827
0.00205652
0.00133609
0.00114677
----------------
0
9
0.0451151
0.00300559
0.00150384
0.00114716
----------------
1
9
0.0401398
0.00214747
0.00133799
0.00114706
----------------
0
10
0.0460401
0.00299984
0.00153467
0.00114676
----------------
1
10
0.0411169
0.00234996
0.00137056
0.00114691
----------------
0
11
0.0436192
0.00275558
0.00145397
0.00114832
----------------
1
11
0.0388663
0.00215324
0.00129554
0.0011491
----------------
0
12
0.0405483
0.00201334
0.00135161
0.001149
----------------
1
12
0.0409212
0.00250818
0.00136404
0.00114699
----------------
0
13
0.0389765
0.0018621
0.00129922
0.00114688
----------------
1
13
0.0389551
0.00170143
0.0012985
0.00114749
----------------
0
14
0.0414451
0.00282795
0.0013815
0.00114687
----------------
1
14
0.0393874
0.00211367
0.00131291
0.00114842
----------------
0
15
0.0426594
0.00291408
0.00142198
0.00114726
----------------
1
15
0.0369844
0.001539
0.00123281
0.00114724
----------------
0
16
0.0397107
0.00225448
0.00132369
0.00114922
----------------
1
16
0.0364149
0.00137683
0.00121383
0.00114732
----------------
0
17
0.0458321
0.00299574
0.00152774
0.00115279
----------------
1
17
0.0363509
0.00141626
0.0012117
0.00114667
----------------
0
18
0.0421951
0.00252178
0.0014065
0.00115159
----------------
1
18
0.0378448
0.0016744
0.00126149
0.00114786
----------------
0
19
0.0425759
0.00283762
0.0014192
0.00115141
----------------
1
19
0.0418997
0.00298997
0.00139665
0.00114788
----------------
0
20
0.0417202
0.00280379
0.00139067
0.00115135
----------------
1
20
0.0392392
0.00179301
0.00130797
0.00114683
----------------
0
21
0.0418908
0.00296299
0.00139636
0.00115082
----------------
1
21
0.0372914
0.0020232
0.00124305
0.00114864
----------------
0
22
0.0415442
0.00304092
0.00138481
0.00114852
----------------
1
22
0.0397349
0.00208429
0.0013245
0.00114673
----------------
0
23
0.0391214
0.00169223
0.00130405
0.00114982
----------------
1
23
0.0373787
0.00170479
0.00124596
0.00114695
----------------
0
24
0.0406201
0.00195339
0.001354
0.00114727
----------------
1
24
0.0402602
0.0023627
0.00134201
0.00114919
----------------
0
25
0.0408892
0.0018618
0.00136297
0.00114858
----------------
1
25
0.0371576
0.00153075
0.00123859
0.0011461
----------------
0
26
0.0409915
0.00202553
0.00136638
0.00114687
----------------
1
26
0.0386214
0.00169456
0.00128738
0.00114874
----------------
0
27
0.041129
0.00189644
0.00137097
0.00114714
----------------
1
27
0.0404158
0.00219387
0.00134719
0.00114718
----------------
0
28
0.0440326
0.0030367
0.00146775
0.00114683
----------------
1
28
0.0370702
0.00172394
0.00123567
0.00114865
----------------
0
29
0.0416063
0.00264017
0.00138688
0.0011472
----------------
1
29
0.0389855
0.00249602
0.00129952
0.00114707
----------------
0
30
0.0422684
0.00212617
0.00140895
0.00114627
----------------
1
30
0.0410207
0.00299683
0.00136736
0.00114696
----------------
0
31
0.0455438
0.00258433
0.00151813
0.00114702
----------------
1
31
0.0371113
0.00180372
0.00123704
0.00114706
----------------
0
32
0.0446864
0.00224851
0.00148955
0.00114739
----------------
1
32
0.0363811
0.00181345
0.0012127
0.00114663
----------------
0
33
0.0460541
0.00245235
0.00153514
0.00114694
----------------
1
33
0.0390148
0.0020018
0.00130049
0.00114679
----------------
0
34
0.0443703
0.00228797
0.00147901
0.00115044
----------------
1
34
0.038989
0.00219312
0.00129963
0.00114711
----------------
0
35
0.04182
0.00224017
0.001394
0.00115607
----------------
1
35
0.0400878
0.00198629
0.00133626
0.00114913
----------------
0
36
0.0433825
0.0029161
0.00144608
0.00114706
----------------
1
36
0.0401514
0.00263577
0.00133838
0.0011483
----------------
0
37
0.0420146
0.002417
0.00140049
0.00114788
----------------
1
37
0.0406179
0.00266071
0.00135393
0.00114824
----------------
0
38
0.0403063
0.00218936
0.00134354
0.00114819
----------------
1
38
0.0430195
0.00296504
0.00143398
0.001152
----------------
0
39
0.0420921
0.0020657
0.00140307
0.00114875
----------------
1
39
0.0404164
0.00277905
0.00134721
0.00114699
----------------
0
40
0.0398818
0.00174333
0.00132939
0.00114882
----------------
1
40
0.0379241
0.00195759
0.00126414
0.00114685
----------------
0
41
0.0375035
0.00234801
0.00125012
0.00114908
----------------
1
41
0.0385721
0.00212521
0.00128574
0.00114919
----------------
0
42
0.0396383
0.00212693
0.00132128
0.00114852
----------------
1
42
0.0374132
0.00168143
0.00124711
0.00114902
----------------
0
43
0.0398057
0.00291658
0.00132686
0.0011459
----------------
1
43
0.0392289
0.00241179
0.00130763
0.00114888
----------------
0
44
0.0410642
0.00243505
0.00136881
0.00114631
----------------
1
44
0.0410271
0.00278939
0.00136757
0.00114753
----------------
0
45
0.0418589
0.00215976
0.0013953
0.00114901
----------------
1
45
0.0386638
0.00200737
0.00128879
0.0011458
----------------
0
46
0.043993
0.00255328
0.00146643
0.00114744
----------------
1
46
0.0407923
0.00293166
0.00135974
0.00114735
----------------
0
47
0.0428152
0.00304485
0.00142717
0.00114526
----------------
1
47
0.0383126
0.00184412
0.00127709
0.0011496
----------------
0
48
0.0396038
0.00211953
0.00132013
0.00114862
----------------
1
48
0.0390119
0.00221409
0.0013004
0.00114811
----------------
0
49
0.0404865
0.0023789
0.00134955
0.00114688
----------------
1
49
0.038429
0.00290197
0.00128097
0.001147
----------------
0
50
0.0409163
0.00303534
0.00136388
0.00114698
----------------
1
50
0.0413909
0.00236945
0.0013797
0.00114777
----------------
0
51
0.0384693
0.00197144
0.00128231
0.00114883
----------------
1
51
0.0414701
0.0027896
0.00138234
0.00114997
----------------
0
52
0.0399502
0.00296028
0.00133167
0.00114955
----------------
1
52
0.0399983
0.0019851
0.00133328
0.001147
----------------
0
53
0.0394397
0.00232608
0.00131466
0.00114675
----------------
1
53
0.0411449
0.00265526
0.0013715
0.00114831
----------------
0
54
0.0373388
0.00153016
0.00124463
0.00114709
----------------
1
54
0.0366825
0.00167418
0.00122275
0.0011463
----------------
0
55
0.0375585
0.00192134
0.00125195
0.00114705
----------------
1
55
0.0390036
0.00265994
0.00130012
0.00114728
----------------
0
56
0.0364154
0.00153672
0.00121385
0.00114789
----------------
1
56
0.036637
0.00162495
0.00122123
0.00114646
