----------------
0
1
0.0391838
0.0021962
0.00130613
0.00114602
----------------
1
1
0.038482
0.00159014
0.00128273
0.00114884
----------------
0
2
0.0385536
0.00214289
0.00128512
0.00114706
----------------
1
2
0.0371408
0.00187192
0.00123803
0.00114732
----------------
0
3
0.0378914
0.0026745
0.00126305
0.0011469
----------------
1
3
0.0368963
0.00142936
0.00122988
0.00114871
----------------
0
4
0.0385883
0.00197461
0.00128628
0.001147
----------------
1
4
0.0396652
0.00209449
0.00132217
0.00114704
----------------
0
5
0.0383627
0.00165697
0.00127876
0.00114788
----------------
1
5
0.0368824
0.00153546
0.00122941
0.00114669
----------------
0
6
0.0379318
0.00172866
0.00126439
0.0011498
----------------
1
6
0.0372803
0.00176394
0.00124268
0.00114778
----------------
0
7
0.0387132
0.00254315
0.00129044
0.00114713
----------------
1
7
0.0389007
0.00204152
0.00129669
0.00114771
----------------
0
8
0.0376235
0.00176939
0.00125412
0.00114684
----------------
1
8
0.0379071
0.00258596
0.00126357
0.001147
----------------
0
9
0.0416386
0.00303169
0.00138795
0.00115128
----------------
1
9
0.0375204
0.00199779
0.00125068
0.00114685
----------------
0
10
0.0374797
0.00169077
0.00124932
0.00114701
----------------
1
10
0.0364737
0.00145724
0.00121579
0.00114698
----------------
0
11
0.0391214
0.00211599
0.00130405
0.00114649
----------------
1
11
0.0362711
0.00133155
0.00120904
0.00114694
----------------
0
12
0.038582
0.00223722
0.00128607
0.00114702
----------------
1
12
0.038141
0.00253432
0.00127137
0.00114671
----------------
0
13
0.0382568
0.00184677
0.00127523
0.00114689
----------------
1
13
0.0384724
0.00201755
0.00128241
0.00114645
----------------
0
14
0.0374642
0.00231053
0.00124881
0.00114681
----------------
1
14
0.039576
0.0020089
0.0013192
0.00114745
----------------
0
15
0.0374487
0.00178872
0.00124829
0.00114687
----------------
1
15
0.0398519
0.00232589
0.0013284
0.00115151
----------------
0
16
0.0403401
0.00288174
0.00134467
0.00114648
----------------
1
16
0.0382666
0.00214957
0.00127555
0.00114698
----------------
0
17
0.0375248
0.00181281
0.00125083
0.00114585
----------------
1
17
0.0373934
0.00165534
0.00124645
0.00114717
----------------
0
18
0.0386716
0.0018257
0.00128905
0.00114932
----------------
1
18
0.0366984
0.0015682
0.00122328
0.00114703
----------------
0
19
0.037799
0.00276939
0.00125997
0.00114657
----------------
1
19
0.0378837
0.00179717
0.00126279
0.00114694
----------------
0
20
0.0370284
0.00172753
0.00123428
0.00114725
----------------
1
20
0.0393489
0.00299119
0.00131163
0.00114714
----------------
0
21
0.0404594
0.00249009
0.00134865
0.00114916
----------------
1
21
0.0364219
0.00150705
0.00121406
0.001147
